Calling default constructor
Loss Constructor
Epoch: 0
Batch: 0
Input:
0.0597015 0.303371 0.0927835 0.669725 0.333333 0.102458 1 0.333333 0.525 0 
Prediction: 
0.207882, 0.215237, 0.263364, 0.313517, 
Ground Truth: 1 0 0 0 
Batch: 1
Input:
0.11194 0.775281 0.85567 0.715596 0.333333 0.466937 0.214286 0 0.125 1 
Prediction: 
0.207919, 0.21523, 0.263352, 0.3135, 
Ground Truth: 0 0 0 1 
Batch: 2
Input:
0.358209 0.483146 0.391753 0.908257 1 0.508908 0.142857 0 0.2 0.5 
Prediction: 
0.207901, 0.215212, 0.263326, 0.313561, 
Ground Truth: 0 0 1 0 
Batch: 3
Input:
0.141791 0.52809 0.340206 0.844037 1 0.478814 0.0714286 0 0.2 0 
Prediction: 
0.20789, 0.215199, 0.263376, 0.313535, 
Ground Truth: 0 0 0 1 
Batch: 4
Input:
0.410448 0.011236 0.154639 0.00917431 0.666667 0.528978 0.642857 0 0.3 0.5 
Prediction: 
0.207872, 0.215181, 0.26335, 0.313597, 
Ground Truth: 0 1 0 0 
Batch: 5
Input:
0.432836 0.483146 0.237113 0.385321 0.333333 0.535869 0.142857 1 0.4 0.5 
Prediction: 
0.207865, 0.215219, 0.263337, 0.313579, 
Ground Truth: 1 0 0 0 
Batch: 6
Input:
0.119403 0.741573 0.154639 0.770642 1 0.461801 0.0714286 0 0.125 1 
Prediction: 
0.207901, 0.215212, 0.263326, 0.313561, 
Ground Truth: 0 0 0 1 
Batch: 7
Input:
0.156716 0.865169 0.350515 0.550459 1 0.496755 0 0 0.175 0 
Prediction: 
0.207884, 0.215193, 0.263299, 0.313623, 
Ground Truth: 0 0 0 1 
Batch: 8
Input:
0.455224 0.370787 0.0721649 0.155963 0.666667 0.569496 0.642857 1 0.425 0 
Prediction: 
0.207867, 0.215175, 0.263273, 0.313685, 
Ground Truth: 0 1 0 0 
Batch: 9
Input:
0.432836 0.404494 0.134021 0.00917431 0.666667 0.573981 0.642857 0.333333 0.45 1 
Prediction: 
0.207859, 0.215213, 0.26326, 0.313667, 
Ground Truth: 0 1 0 0 
Batch: 10
Input:
0.514925 0.426966 0.0721649 0.908257 0.333333 0.486507 0 0 0.925 0 
Prediction: 
0.207852, 0.215252, 0.263248, 0.313649, 
Ground Truth: 0 0 0 1 
Batch: 11
Input:
0.201493 0.640449 0.175258 0.743119 1 0.480819 0 0 0.075 0 
Prediction: 
0.207835, 0.215233, 0.263221, 0.313711, 
Ground Truth: 0 0 0 1 
Batch: 12
Input:
0.358209 0.516854 0.103093 0.155963 0.666667 0.539102 0.428571 0 0.275 0.5 
Prediction: 
0.207817, 0.215215, 0.263195, 0.313773, 
Ground Truth: 0 1 0 0 
Batch: 13
Input:
0.298507 0.348315 0.268041 0.311927 1 0.547746 0.142857 0.666667 0.4 0.5 
Prediction: 
0.20781, 0.215253, 0.263182, 0.313754, 
Ground Truth: 1 0 0 0 
Batch: 14
Input:
0.507463 0.280899 0.113402 0.119266 0.666667 0.531835 0.571429 0 0.45 0.5 
Prediction: 
0.207846, 0.215246, 0.263171, 0.313737, 
Ground Truth: 0 1 0 0 
Batch: 15
Input:
0.544776 0.606742 0.309278 0.66055 1 0.314315 0.285714 0.333333 0.125 1 
Prediction: 
0.207839, 0.215284, 0.263158, 0.313719, 
Ground Truth: 0 0 1 0 
Batch: 16
Input:
0.0746269 0.573034 0.123711 0.917431 0.333333 0.482949 1 0 0.125 1 
Prediction: 
0.207827, 0.215272, 0.263209, 0.313692, 
Ground Truth: 0 0 0 1 
Batch: 17
Input:
0.410448 0.88764 0.237113 0.715596 1 0.514997 0.214286 0.333333 0.175 0 
Prediction: 
0.20781, 0.215253, 0.263182, 0.313754, 
Ground Truth: 0 0 1 0 
Batch: 18
Input:
0.425373 0.516854 0.123711 0.844037 0.333333 0.526423 0.142857 0.333333 0.075 0 
Prediction: 
0.207798, 0.215241, 0.263233, 0.313728, 
Ground Truth: 0 0 1 0 
Batch: 19
Input:
0.567164 0.561798 0.391753 0.972477 0.333333 0.561402 0.5 0.333333 0.275 1 
Prediction: 
0.207787, 0.215228, 0.263284, 0.313701, 
Ground Truth: 0 1 0 0 
Batch: 20
Input:
0.38806 0.404494 0.0206186 0.0917431 0.333333 0.541908 0.0714286 0 0.275 0.5 
Prediction: 
0.207779, 0.215266, 0.263271, 0.313683, 
Ground Truth: 1 0 0 0 
Batch: 21
Input:
0.30597 0.404494 0.0618557 0.211009 1 0.510662 0.0714286 1 0.4 1 
Prediction: 
0.207816, 0.215259, 0.26326, 0.313666, 
Ground Truth: 1 0 0 0 
Batch: 22
Input:
0.298507 0.494382 0.164948 0.0917431 1 0.542735 0.285714 1 0.325 1 
Prediction: 
0.207852, 0.215252, 0.263248, 0.313649, 
Ground Truth: 1 0 0 0 
Batch: 23
Input:
0.41791 0.606742 0.28866 0.220183 0.333333 0.522739 0.0714286 0.666667 0.4 0.5 
Prediction: 
0.207888, 0.215244, 0.263236, 0.313631, 
Ground Truth: 1 0 0 0 
Batch: 24
Input:
0.201493 0.842697 0.0824742 0.495413 1 0.456664 0 0 0.15 0 
Prediction: 
0.207925, 0.215237, 0.263224, 0.313614, 
Ground Truth: 0 0 0 1 
Batch: 25
Input:
0.156716 0.730337 0.164948 0.669725 1 0.487234 0.0714286 0 0.2 0 
Prediction: 
0.207907, 0.215218, 0.263198, 0.313676, 
Ground Truth: 0 0 0 1 
Batch: 26
Input:
0.410448 0.719101 0.309278 0.568807 1 0.480443 0.214286 0 0.05 0.5 
Prediction: 
0.20789, 0.2152, 0.263172, 0.313738, 
Ground Truth: 0 0 1 0 
Batch: 27
Input:
0.335821 0.662921 0.0721649 0.155963 0.333333 0.537949 0.214286 0 0.4 1 
Prediction: 
0.207879, 0.215188, 0.263222, 0.313712, 
Ground Truth: 1 0 0 0 
Batch: 28
Input:
0.447761 0.202247 0.0206186 0.788991 1 0.176602 0.785714 0.666667 0.275 1 
Prediction: 
0.207915, 0.21518, 0.263211, 0.313695, 
Ground Truth: 0 1 0 0 
Batch: 29
Input:
0.283582 0.853933 0.14433 0.458716 0.333333 0.532712 0.142857 0 0.15 0.5 
Prediction: 
0.207907, 0.215218, 0.263198, 0.313676, 
Ground Truth: 0 0 1 0 
Batch: 30
Input:
0.261194 0.831461 0.28866 0.568807 1 0.491418 0.214286 0.666667 0.2 0 
Prediction: 
0.207896, 0.215206, 0.263249, 0.31365, 
Ground Truth: 0 0 1 0 
Batch: 31
Input:
0.179104 0.179775 0.278351 0.110092 1 0.014533 0.357143 1 0.25 1 
Prediction: 
0.207884, 0.215193, 0.263299, 0.313623, 
Ground Truth: 0 0 0 1 
Accuracy: 0

Epoch: 1
Batch: 0
Input:
0.119403 0.393258 0.0618557 0.651376 0 0.0586835 0.428571 0.666667 0.55 0.5 
Prediction: 
0.207867, 0.215175, 0.263273, 0.313685, 
Ground Truth: 0 0 0 1 
Batch: 1
Input:
0.320896 0.752809 0.226804 0.807339 0.666667 0.531885 0.285714 1 0.125 0 
Prediction: 
0.20785, 0.215157, 0.263246, 0.313747, 
Ground Truth: 0 1 0 0 
Batch: 2
Input:
0.395522 0.651685 0.340206 0.59633 0.333333 0.540605 0.142857 0.333333 0.15 0.5 
Prediction: 
0.207842, 0.215195, 0.263234, 0.313729, 
Ground Truth: 0 0 1 0 
Batch: 3
Input:
0.492537 0.764045 0.0412371 0.844037 0.666667 0.556215 0.928571 0.333333 0.275 0.5 
Prediction: 
0.20783, 0.215182, 0.263285, 0.313703, 
Ground Truth: 0 1 0 0 
Batch: 4
Input:
0.208955 0.651685 0.164948 0.577982 1 0.453657 0 0 0.125 1 
Prediction: 
0.207823, 0.215221, 0.263272, 0.313684, 
Ground Truth: 0 0 0 1 
Batch: 5
Input:
0.380597 0.853933 0.175258 0.715596 1 0.522138 0.0714286 1 0.2 0.5 
Prediction: 
0.207806, 0.215202, 0.263246, 0.313746, 
Ground Truth: 0 0 1 0 
Batch: 6
Input:
0.119403 0.831461 0.216495 0.770642 1 0.494876 0 0 0.05 0 
Prediction: 
0.207794, 0.21519, 0.263296, 0.31372, 
Ground Truth: 0 0 0 1 
Batch: 7
Input:
0.410448 0.651685 0.268041 0.146789 0.333333 0.509434 0.142857 1 0.325 0 
Prediction: 
0.207777, 0.215172, 0.26327, 0.313782, 
Ground Truth: 1 0 0 0 
Batch: 8
Input:
0.41791 0.640449 0.329897 0.825688 1 0.498183 0 0 0.2 0 
Prediction: 
0.207813, 0.215164, 0.263258, 0.313765, 
Ground Truth: 0 0 1 0 
Batch: 9
Input:
0.298507 0.764045 0.309278 0.752294 1 0.489965 0.214286 0.666667 0.125 0.5 
Prediction: 
0.207801, 0.215152, 0.263309, 0.313738, 
Ground Truth: 0 0 1 0 
Batch: 10
Input:
0.126866 0.696629 0.0309278 0.706422 1 0.497031 0 0 0.175 1 
Prediction: 
0.20779, 0.215139, 0.263359, 0.313712, 
Ground Truth: 0 0 0 1 
Batch: 11
Input:
0.38806 0.696629 0.123711 0.568807 1 0.549826 0.0714286 1 0.175 0.5 
Prediction: 
0.207773, 0.215121, 0.263333, 0.313774, 
Ground Truth: 0 0 1 0 
Batch: 12
Input:
0.320896 0.808989 0.247423 0.697248 0.333333 0.513944 0.285714 0.666667 0.05 0 
Prediction: 
0.207761, 0.215108, 0.263384, 0.313747, 
Ground Truth: 1 0 0 0 
Batch: 13
Input:
0.358209 0.651685 0.164948 0.174312 0.333333 0.503896 0.142857 0 0.35 0.5 
Prediction: 
0.207797, 0.215101, 0.263372, 0.31373, 
Ground Truth: 1 0 0 0 
Batch: 14
Input:
0.298507 0.483146 0.134021 0.266055 1 0.549049 0.142857 0 0.3 0.5 
Prediction: 
0.207834, 0.215093, 0.26336, 0.313713, 
Ground Truth: 1 0 0 0 
Batch: 15
Input:
0.343284 0.730337 0.164948 0.798165 1 0.496204 0.214286 0 0.1 1 
Prediction: 
0.20787, 0.215086, 0.263349, 0.313696, 
Ground Truth: 0 0 1 0 
Batch: 16
Input:
0.402985 0.674157 0.103093 0.825688 1 0.484928 0.0714286 0 0.2 0.5 
Prediction: 
0.207858, 0.215074, 0.263399, 0.313669, 
Ground Truth: 0 0 1 0 
Batch: 17
Input:
0.126866 0.741573 0.257732 0.623853 1 0.454309 0.0714286 0 0.075 1 
Prediction: 
0.207846, 0.215061, 0.26345, 0.313643, 
Ground Truth: 0 0 0 1 
Batch: 18
Input:
0.216418 0.977528 0.546392 0.87156 1 0.497532 0.571429 0 0.125 0 
Prediction: 
0.207829, 0.215043, 0.263423, 0.313705, 
Ground Truth: 0 0 0 1 
Batch: 19
Input:
0.0970149 0.0449438 0.0618557 0.458716 0.333333 0.541231 0.214286 0.666667 0.325 0 
Prediction: 
0.207812, 0.215024, 0.263397, 0.313767, 
Ground Truth: 0 1 0 0 
Batch: 20
Input:
0.440298 0.595506 0.0927835 0.844037 0.666667 0.530582 1 0.666667 0.05 0 
Prediction: 
0.207805, 0.215063, 0.263385, 0.313748, 
Ground Truth: 0 1 0 0 
Batch: 21
Input:
0.186567 0.865169 0.505155 0.66055 1 0.484477 0.285714 0 0.225 0 
Prediction: 
0.207797, 0.215101, 0.263372, 0.31373, 
Ground Truth: 0 0 0 1 
Batch: 22
Input:
0.283582 0.393258 0.195876 0.330275 1 0.514771 0.214286 0.666667 0.425 0.5 
Prediction: 
0.20778, 0.215082, 0.263346, 0.313792, 
Ground Truth: 1 0 0 0 
Batch: 23
Input:
0.544776 0.213483 0.154639 0.908257 0.333333 0.286953 0.142857 0 0.75 0.5 
Prediction: 
0.207816, 0.215075, 0.263334, 0.313775, 
Ground Truth: 0 1 0 0 
Batch: 24
Input:
0.141791 0.629214 0.216495 0.678899 0 0.814553 0.5 0.666667 0.25 0.5 
Prediction: 
0.207809, 0.215113, 0.263321, 0.313756, 
Ground Truth: 0 1 0 0 
Batch: 25
Input:
0.358209 0.797753 0.309278 0.633027 1 0.549951 0.0714286 0 0.225 0 
Prediction: 
0.207801, 0.215152, 0.263309, 0.313738, 
Ground Truth: 0 0 1 0 
Batch: 26
Input:
0.380597 0.41573 0.123711 0.0275229 0.666667 0.545015 0.428571 0.333333 0.425 0.5 
Prediction: 
0.20779, 0.215139, 0.263359, 0.313712, 
Ground Truth: 0 1 0 0 
Batch: 27
Input:
0.358209 0.449438 0.0721649 0.293578 1 0.506953 0.214286 1 0.425 0 
Prediction: 
0.207782, 0.215177, 0.263347, 0.313693, 
Ground Truth: 1 0 0 0 
Batch: 28
Input:
0.440298 0.651685 0.268041 0.0917431 0.333333 0.517101 0.285714 1 0.325 1 
Prediction: 
0.207819, 0.21517, 0.263335, 0.313676, 
Ground Truth: 1 0 0 0 
Batch: 29
Input:
0.552239 0.41573 0.0824742 0.284404 0 0.194668 0.214286 0.666667 0.175 0.5 
Prediction: 
0.207855, 0.215163, 0.263324, 0.313659, 
Ground Truth: 0 0 0 1 
Batch: 30
Input:
0.507463 0.337079 0.0618557 0.119266 0.333333 0.537598 0.428571 1 0.325 1 
Prediction: 
0.207838, 0.215144, 0.263297, 0.313721, 
Ground Truth: 0 1 0 0 
Batch: 31
Input:
0.41791 0.426966 0.154639 0.0366972 0.666667 0.546243 0.642857 0 0.325 0.5 
Prediction: 
0.20783, 0.215182, 0.263285, 0.313703, 
Ground Truth: 0 1 0 0 
Accuracy: 0

Epoch: 2
Batch: 0
Input:
0.335821 0.426966 0.154639 0.0183486 0.666667 0.529204 0.714286 1 0.3 1 
Prediction: 
0.207823, 0.215221, 0.263272, 0.313684, 
Ground Truth: 0 1 0 0 
Batch: 1
Input:
0.201493 0.775281 0.154639 0.477064 1 0.495703 0 0 0.225 0 
Prediction: 
0.207816, 0.215259, 0.26326, 0.313666, 
Ground Truth: 0 0 0 1 
Batch: 2
Input:
0.485075 0.0224719 0.103093 0.165138 0.333333 0.575509 0.5 0.333333 0.325 0.5 
Prediction: 
0.207798, 0.215241, 0.263233, 0.313728, 
Ground Truth: 0 1 0 0 
Batch: 3
Input:
0.432836 0.842697 0.649485 0.678899 1 0.520635 0.5 1 0.275 0 
Prediction: 
0.207791, 0.215279, 0.263221, 0.313709, 
Ground Truth: 0 0 1 0 
Batch: 4
Input:
0.320896 0.921348 0.309278 0.642202 0.333333 0.51645 0.714286 0 0.025 0 
Prediction: 
0.207779, 0.215267, 0.263271, 0.313683, 
Ground Truth: 0 0 1 0 
Batch: 5
Input:
0.335821 0.730337 0.134021 0.724771 0.666667 0.551705 0.642857 1 0.1 0.5 
Prediction: 
0.207768, 0.215254, 0.263322, 0.313657, 
Ground Truth: 0 1 0 0 
Batch: 6
Input:
0.507463 0.449438 0.0721649 0.0366972 0.333333 0.540931 0.571429 0.333333 0.25 0.5 
Prediction: 
0.20776, 0.215292, 0.263309, 0.313638, 
Ground Truth: 0 1 0 0 
Batch: 7
Input:
0.343284 0.41573 0.0515464 0.412844 0.333333 0.52071 0.0714286 1 0.275 0.5 
Prediction: 
0.207753, 0.215331, 0.263297, 0.31362, 
Ground Truth: 1 0 0 0 
Batch: 8
Input:
0.455224 0.011236 0.185567 0.284404 0 0.0131298 0.642857 0.333333 0.8 0 
Prediction: 
0.207789, 0.215323, 0.263285, 0.313603, 
Ground Truth: 0 0 0 1 
Batch: 9
Input:
0.358209 0.52809 0.237113 0.357798 0.333333 0.508607 0.285714 1 0.4 0.5 
Prediction: 
0.207772, 0.215305, 0.263259, 0.313665, 
Ground Truth: 1 0 0 0 
Batch: 10
Input:
0.373134 0.516854 0.134021 0.59633 0 0.613821 0.5 1 0.25 1 
Prediction: 
0.207808, 0.215297, 0.263247, 0.313647, 
Ground Truth: 1 0 0 0 
Batch: 11
Input:
0.350746 0.741573 0.195876 0.477064 0.333333 0.526097 0.214286 0.333333 0.15 0 
Prediction: 
0.207845, 0.21529, 0.263235, 0.31363, 
Ground Truth: 0 0 1 0 
Batch: 12
Input:
0.492537 0 0.0927835 0.0183486 0.666667 0.554111 0.357143 0.333333 0.3 1 
Prediction: 
0.207833, 0.215277, 0.263286, 0.313604, 
Ground Truth: 0 1 0 0 
Batch: 13
Input:
0.358209 0.179775 0.113402 0.0275229 0.666667 0.570097 0.357143 1 0.475 1 
Prediction: 
0.207825, 0.215316, 0.263273, 0.313585, 
Ground Truth: 0 1 0 0 
Batch: 14
Input:
0.335821 0.617977 0.268041 0.293578 0.333333 0.506252 0.214286 0.666667 0.4 0 
Prediction: 
0.207818, 0.215354, 0.263261, 0.313567, 
Ground Truth: 1 0 0 0 
Batch: 15
Input:
0.171642 0.629214 0.360825 0.715596 1 0.49009 0 0 0.225 1 
Prediction: 
0.207854, 0.215347, 0.263249, 0.31355, 
Ground Truth: 0 0 0 1 
Batch: 16
Input:
0.313433 0.516854 0.371134 0.577982 0.333333 0.481345 0.0714286 0 0.125 0 
Prediction: 
0.207837, 0.215328, 0.263223, 0.313612, 
Ground Truth: 0 0 1 0 
Batch: 17
Input:
0.19403 0.494382 0.134021 0.66055 1 0.481997 0.0714286 0 0.125 0 
Prediction: 
0.207825, 0.215316, 0.263273, 0.313585, 
Ground Truth: 0 0 0 1 
Batch: 18
Input:
0.343284 0.516854 0.0927835 0.431193 1 0.507755 0.214286 0.666667 0.35 0.5 
Prediction: 
0.207808, 0.215297, 0.263247, 0.313647, 
Ground Truth: 1 0 0 0 
Batch: 19
Input:
0.358209 0.52809 0.0412371 0.440367 0.333333 0.528001 0.0714286 0.333333 0.325 0 
Prediction: 
0.207845, 0.21529, 0.263235, 0.31363, 
Ground Truth: 1 0 0 0 
Batch: 20
Input:
0.201493 0.876405 0.278351 0.495413 0.333333 0.47706 0.0714286 0 0.2 0 
Prediction: 
0.207881, 0.215283, 0.263223, 0.313613, 
Ground Truth: 0 0 0 1 
Batch: 21
Input:
0.440298 0.505618 0.216495 0.412844 0.333333 0.513994 0.142857 1 0.375 0.5 
Prediction: 
0.207864, 0.215264, 0.263197, 0.313675, 
Ground Truth: 1 0 0 0 
Batch: 22
Input:
0.514925 0.494382 0.175258 0.0366972 0.666667 0.575685 0.428571 0 0.4 0.5 
Prediction: 
0.2079, 0.215257, 0.263185, 0.313658, 
Ground Truth: 0 1 0 0 
Batch: 23
Input:
0.261194 0.359551 0.103093 0.137615 0.333333 0.527951 0.285714 1 0.45 0.5 
Prediction: 
0.207893, 0.215295, 0.263173, 0.313639, 
Ground Truth: 1 0 0 0 
Batch: 24
Input:
0.455224 0.382022 0.0721649 0.0825688 0.666667 0.559648 0.5 0 0.35 0.5 
Prediction: 
0.207929, 0.215288, 0.263161, 0.313622, 
Ground Truth: 0 1 0 0 
Batch: 25
Input:
0.552239 0.707865 0 0.651376 0.333333 0.525571 0.214286 1 0.5 0 
Prediction: 
0.207921, 0.215326, 0.263149, 0.313604, 
Ground Truth: 1 0 0 0 
Batch: 26
Input:
0.365672 0.831461 0.402062 0.53211 1 0.509259 0 0.333333 0.125 0 
Prediction: 
0.207958, 0.215319, 0.263137, 0.313587, 
Ground Truth: 0 0 1 0 
Batch: 27
Input:
0.373134 0.606742 0.103093 0.12844 1 0.550327 0.214286 0.666667 0.425 1 
Prediction: 
0.207946, 0.215306, 0.263188, 0.31356, 
Ground Truth: 1 0 0 0 
Batch: 28
Input:
0.30597 0.573034 0.309278 0.394495 0.333333 0.519908 0.142857 0.333333 0.275 0.5 
Prediction: 
0.207983, 0.215299, 0.263176, 0.313543, 
Ground Truth: 1 0 0 0 
Batch: 29
Input:
0.373134 0.539326 0.0824742 0.220183 1 0.515949 0.142857 0.333333 0.375 0 
Prediction: 
0.208019, 0.215291, 0.263164, 0.313526, 
Ground Truth: 1 0 0 0 
Batch: 30
Input:
0.298507 0.752809 0.216495 0.46789 0.333333 0.534466 0.214286 1 0.2 0 
Prediction: 
0.208055, 0.215284, 0.263152, 0.313508, 
Ground Truth: 0 0 1 0 
Batch: 31
Input:
0.298507 0.876405 0.402062 0.522936 1 0.481846 0.214286 1 0.225 1 
Prediction: 
0.208044, 0.215271, 0.263203, 0.313482, 
Ground Truth: 0 0 1 0 
Accuracy: 0

Epoch: 3
Batch: 0
Input:
0.350746 0.483146 0.0721649 0.119266 0.666667 0.56283 0.357143 0 0.35 0.5 
Prediction: 
0.208032, 0.215259, 0.263254, 0.313456, 
Ground Truth: 0 1 0 0 
Batch: 1
Input:
0.298507 0.348315 0.28866 0.40367 0.333333 0.5163 0.142857 0.666667 0.375 1 
Prediction: 
0.208024, 0.215297, 0.263241, 0.313437, 
Ground Truth: 1 0 0 0 
Batch: 2
Input:
0.141791 0.741573 0.226804 0.87156 1 0.471473 0 0 0.1 1 
Prediction: 
0.208061, 0.21529, 0.263229, 0.31342, 
Ground Truth: 0 0 0 1 
Batch: 3
Input:
0.425373 0.213483 0.0412371 0.0825688 0.666667 0.572553 0.428571 0 0.5 0 
Prediction: 
0.208044, 0.215271, 0.263203, 0.313482, 
Ground Truth: 0 1 0 0 
Batch: 4
Input:
0.171642 0.426966 0.0618557 0.12844 1 0.170638 0.857143 0 0.775 0 
Prediction: 
0.208036, 0.21531, 0.263191, 0.313464, 
Ground Truth: 0 0 0 1 
Batch: 5
Input:
0.126866 0.460674 0.0412371 0.733945 1 0.496981 0 0 0.05 1 
Prediction: 
0.208019, 0.215291, 0.263164, 0.313526, 
Ground Truth: 0 0 0 1 
Batch: 6
Input:
0.320896 0.359551 0.103093 0.174312 0.333333 0.535243 0.0714286 0.666667 0.45 0.5 
Prediction: 
0.208002, 0.215273, 0.263138, 0.313588, 
Ground Truth: 1 0 0 0 
Batch: 7
Input:
0.395522 0.449438 0.247423 0.587156 0.333333 0.478539 0.142857 0 0.075 1 
Prediction: 
0.208038, 0.215265, 0.263126, 0.31357, 
Ground Truth: 0 0 1 0 
Batch: 8
Input:
0.261194 0.505618 0.247423 0.385321 0.333333 0.52294 0.285714 0.333333 0.25 0.5 
Prediction: 
0.208026, 0.215253, 0.263177, 0.313544, 
Ground Truth: 1 0 0 0 
Batch: 9
Input:
0.276119 0.595506 0.257732 0.853211 1 0.504623 0.142857 1 0.225 0.5 
Prediction: 
0.208063, 0.215245, 0.263165, 0.313527, 
Ground Truth: 0 0 1 0 
Batch: 10
Input:
0.320896 0.426966 0.0515464 0.165138 1 0.540906 0.214286 0.666667 0.425 1 
Prediction: 
0.208051, 0.215233, 0.263216, 0.3135, 
Ground Truth: 1 0 0 0 
Batch: 11
Input:
0.201493 0.988764 0.680412 0.697248 1 0.484628 0.642857 0 0.3 0 
Prediction: 
0.208087, 0.215225, 0.263204, 0.313483, 
Ground Truth: 0 0 0 1 
Batch: 12
Input:
0.380597 0.651685 0.319588 0.706422 1 0.543236 0.0714286 1 0.125 1 
Prediction: 
0.20807, 0.215207, 0.263177, 0.313545, 
Ground Truth: 0 0 1 0 
Batch: 13
Input:
0.440298 0.47191 0.237113 0.642202 1 0.163021 0.214286 0.666667 0.325 0 
Prediction: 
0.208059, 0.215195, 0.263228, 0.313519, 
Ground Truth: 0 1 0 0 
Batch: 14
Input:
0.134328 0.842697 0.123711 0.678899 1 0.465183 0.0714286 0 0.2 1 
Prediction: 
0.208051, 0.215233, 0.263216, 0.3135, 
Ground Truth: 0 0 0 1 
Batch: 15
Input:
0.149254 0.662921 0.195876 0.66055 1 0.476835 0.0714286 0 0.125 1 
Prediction: 
0.208034, 0.215215, 0.263189, 0.313562, 
Ground Truth: 0 0 0 1 
Batch: 16
Input:
0.365672 0.101124 0.0412371 0.119266 0.666667 0.572502 0.642857 1 0.325 0.5 
Prediction: 
0.208017, 0.215196, 0.263163, 0.313624, 
Ground Truth: 0 1 0 0 
Batch: 17
Input:
0.216418 0.876405 0.195876 0.651376 1 0.455461 0.928571 0 0.175 0 
Prediction: 
0.208009, 0.215235, 0.26315, 0.313606, 
Ground Truth: 0 0 0 1 
Batch: 18
Input:
0.283582 0.741573 0.412371 0.642202 1 0.478238 0.285714 0.666667 0.1 0 
Prediction: 
0.207992, 0.215216, 0.263124, 0.313668, 
Ground Truth: 0 0 1 0 
Batch: 19
Input:
0.268657 0.449438 0.134021 0.440367 0.333333 0.539452 0.285714 1 0.325 1 
Prediction: 
0.20798, 0.215204, 0.263175, 0.313642, 
Ground Truth: 1 0 0 0 
Batch: 20
Input:
0.119403 0.730337 0.103093 0.899083 1 0.451878 0 0 0.2 1 
Prediction: 
0.208017, 0.215196, 0.263163, 0.313624, 
Ground Truth: 0 0 0 1 
Batch: 21
Input:
0.335821 0.685393 0.175258 0.807339 0.333333 0.548698 0.0714286 0.666667 0.025 0.5 
Prediction: 
0.207999, 0.215178, 0.263136, 0.313686, 
Ground Truth: 0 0 1 0 
Batch: 22
Input:
0.328358 0.449438 0.28866 0.706422 1 0.5383 0.214286 0.666667 0.225 0.5 
Prediction: 
0.207988, 0.215165, 0.263187, 0.31366, 
Ground Truth: 0 0 1 0 
Batch: 23
Input:
0.41791 0.41573 0.0103093 0.284404 1 0.537698 0.0714286 1 0.275 0.5 
Prediction: 
0.207976, 0.215153, 0.263238, 0.313634, 
Ground Truth: 1 0 0 0 
Batch: 24
Input:
0.41791 0.258427 0.164948 0.165138 0.666667 0.543361 0.571429 1 0.35 1 
Prediction: 
0.208012, 0.215145, 0.263226, 0.313616, 
Ground Truth: 0 1 0 0 
Batch: 25
Input:
0.358209 0.662921 0.268041 0.110092 1 0.521211 0.142857 0.333333 0.325 0.5 
Prediction: 
0.208005, 0.215184, 0.263213, 0.313598, 
Ground Truth: 1 0 0 0 
Batch: 26
Input:
0.485075 0.0561798 0.175258 0.0733945 0.666667 0.531209 0.714286 1 0.275 0 
Prediction: 
0.208041, 0.215176, 0.263202, 0.313581, 
Ground Truth: 0 1 0 0 
Batch: 27
Input:
0.313433 0.58427 0.195876 0.412844 0.333333 0.514095 0.285714 0.666667 0.4 1 
Prediction: 
0.208034, 0.215215, 0.263189, 0.313562, 
Ground Truth: 1 0 0 0 
Batch: 28
Input:
0.156716 0.662921 0.329897 0.633027 1 0.474906 0 0 0.225 1 
Prediction: 
0.20807, 0.215207, 0.263177, 0.313545, 
Ground Truth: 0 0 0 1 
Batch: 29
Input:
0.365672 0.955056 0.113402 0.798165 0.333333 0.522238 0.857143 0 0.05 0.5 
Prediction: 
0.208053, 0.215189, 0.263151, 0.313607, 
Ground Truth: 1 0 0 0 
Batch: 30
Input:
0.485075 0.426966 0.237113 0.211009 0.333333 0.17818 0.5 0.666667 0.575 1 
Prediction: 
0.208089, 0.215181, 0.263139, 0.31359, 
Ground Truth: 1 0 0 0 
Batch: 31
Input:
0.343284 0.550562 0 0.366972 0.333333 0.504423 0.142857 0.666667 0.35 0 
Prediction: 
0.208126, 0.215174, 0.263128, 0.313573, 
Ground Truth: 1 0 0 0 
Accuracy: 0

Epoch: 4
Batch: 0
Input:
0.11194 0.808989 0.0206186 0.807339 0.333333 0.495552 0.0714286 0 0.15 0 
Prediction: 
0.208162, 0.215167, 0.263116, 0.313555, 
Ground Truth: 0 0 0 1 
Batch: 1
Input:
0.380597 0.370787 0.247423 0.100917 1 0.546117 0.285714 0 0.3 1 
Prediction: 
0.208145, 0.215148, 0.26309, 0.313617, 
Ground Truth: 1 0 0 0 
Batch: 2
Input:
0.492537 0.314607 0.103093 0.0733945 0.333333 0.574156 0.428571 0 0.425 0 
Prediction: 
0.208181, 0.215141, 0.263078, 0.3136, 
Ground Truth: 0 1 0 0 
Batch: 3
Input:
0.276119 0.146067 0.206186 0.770642 1 0.157082 0.142857 1 0.85 0 
Prediction: 
0.208174, 0.215179, 0.263065, 0.313582, 
Ground Truth: 0 0 1 0 
Batch: 4
Input:
0.164179 0.730337 0.350515 0.53211 0.333333 0.478789 0.0714286 0 0.25 1 
Prediction: 
0.208162, 0.215167, 0.263116, 0.313555, 
Ground Truth: 0 0 0 1 
Batch: 5
Input:
0.41791 0.88764 0.195876 0.853211 1 0.54712 0.214286 0 0.175 0.5 
Prediction: 
0.208145, 0.215148, 0.26309, 0.313617, 
Ground Truth: 0 0 1 0 
Batch: 6
Input:
0.11194 0.449438 0.0309278 0.899083 1 0.484202 0.0714286 0 0.1 0 
Prediction: 
0.208133, 0.215136, 0.26314, 0.313591, 
Ground Truth: 0 0 0 1 
Batch: 7
Input:
0.462687 0.348315 0.134021 0.100917 0.666667 0.566339 0.785714 1 0.325 1 
Prediction: 
0.208116, 0.215117, 0.263114, 0.313653, 
Ground Truth: 0 1 0 0 
Batch: 8
Input:
0.298507 0.617977 0.123711 0.275229 0.333333 0.52755 0.142857 0.666667 0.325 0.5 
Prediction: 
0.208109, 0.215156, 0.263101, 0.313635, 
Ground Truth: 1 0 0 0 
Batch: 9
Input:
0.19403 0.561798 0.0721649 0.568807 1 0.467839 0.0714286 0 0.225 1 
Prediction: 
0.208145, 0.215148, 0.26309, 0.313617, 
Ground Truth: 0 0 0 1 
Batch: 10
Input:
0.365672 0.191011 0.14433 0.00917431 0.666667 0.542484 0.571429 0.333333 0.275 0.5 
Prediction: 
0.208128, 0.21513, 0.263063, 0.313679, 
Ground Truth: 0 1 0 0 
Batch: 11
Input:
0.126866 0.483146 0.309278 0.825688 0.333333 0.491117 0.0714286 0 0.075 0 
Prediction: 
0.20812, 0.215168, 0.263051, 0.313661, 
Ground Truth: 0 0 0 1 
Batch: 12
Input:
0.791045 0.617977 0.0103093 0.816514 0.666667 0.547846 0.928571 1 0.45 1 
Prediction: 
0.208103, 0.21515, 0.263024, 0.313723, 
Ground Truth: 0 1 0 0 
Batch: 13
Input:
0.365672 0.640449 0.123711 0.706422 1 0.519106 0.142857 0.666667 0.15 0.5 
Prediction: 
0.208096, 0.215188, 0.263012, 0.313705, 
Ground Truth: 0 0 1 0 
Batch: 14
Input:
0.395522 0.438202 0.0515464 0.330275 0.333333 0.550578 0.0714286 0.666667 0.325 0.5 
Prediction: 
0.208084, 0.215176, 0.263062, 0.313678, 
Ground Truth: 1 0 0 0 
Batch: 15
Input:
0.41791 0.370787 0.237113 0.211009 1 0.504849 0.142857 0.666667 0.425 1 
Prediction: 
0.20812, 0.215168, 0.263051, 0.313661, 
Ground Truth: 1 0 0 0 
Batch: 16
Input:
0.373134 0.539326 0.0824742 0.220183 1 0.515949 0.142857 0.333333 0.375 0 
Prediction: 
0.208157, 0.215161, 0.263039, 0.313644, 
Ground Truth: 1 0 0 0 
Batch: 17
Input:
0.335821 0.134831 0.123711 0.0366972 0.333333 0.558546 0.642857 0.333333 0.425 0 
Prediction: 
0.208193, 0.215153, 0.263027, 0.313626, 
Ground Truth: 0 1 0 0 
Batch: 18
Input:
0.201493 0.651685 0.0206186 0.577982 1 0.46353 0 0 0.05 0 
Prediction: 
0.208186, 0.215192, 0.263015, 0.313608, 
Ground Truth: 0 0 0 1 
Batch: 19
Input:
0.328358 0.797753 0.206186 0.568807 1 0.513218 0.142857 0 0.1 0.5 
Prediction: 
0.208168, 0.215173, 0.262988, 0.31367, 
Ground Truth: 0 0 1 0 
Batch: 20
Input:
0.455224 0.168539 0.0927835 0.0550459 0.666667 0.537949 0.642857 0 0.35 0 
Prediction: 
0.208157, 0.215161, 0.263039, 0.313644, 
Ground Truth: 0 1 0 0 
Batch: 21
Input:
0.141791 0.651685 0.103093 0.587156 1 0.466712 0.0714286 0 0.075 0 
Prediction: 
0.208149, 0.215199, 0.263026, 0.313625, 
Ground Truth: 0 0 0 1 
Batch: 22
Input:
0.455224 0.292135 0.0103093 0.165138 0.666667 0.539553 0.357143 0 0.45 1 
Prediction: 
0.208132, 0.215181, 0.263, 0.313687, 
Ground Truth: 0 1 0 0 
Batch: 23
Input:
0.350746 0.191011 0.0103093 0 0.333333 0.561553 0.571429 1 0.275 0.5 
Prediction: 
0.208124, 0.215219, 0.262988, 0.313669, 
Ground Truth: 0 1 0 0 
Batch: 24
Input:
0.462687 0.764045 0.237113 0.93578 0.333333 0.532963 0.357143 0 0.05 0.5 
Prediction: 
0.208117, 0.215257, 0.262975, 0.313651, 
Ground Truth: 0 0 1 0 
Batch: 25
Input:
0.343284 0.0224719 0.0515464 0.0642202 0.333333 0.565086 0.5 0.666667 0.35 0.5 
Prediction: 
0.208105, 0.215245, 0.263026, 0.313624, 
Ground Truth: 0 1 0 0 
Batch: 26
Input:
0.395522 0.382022 0.309278 0.357798 0.333333 0.548097 0.214286 0 0.425 1 
Prediction: 
0.208098, 0.215283, 0.263013, 0.313606, 
Ground Truth: 1 0 0 0 
Batch: 27
Input:
0.276119 0.359551 0.206186 0.220183 1 0.502493 0.214286 0 0.325 1 
Prediction: 
0.208134, 0.215276, 0.263001, 0.313589, 
Ground Truth: 1 0 0 0 
Batch: 28
Input:
0.126866 0.685393 0.14433 0.66055 1 0.496204 0 0 0.05 0 
Prediction: 
0.208171, 0.215268, 0.26299, 0.313571, 
Ground Truth: 0 0 0 1 
Batch: 29
Input:
0.19403 0.831461 0.14433 0.880734 1 0.497106 0.0714286 0 0.075 1 
Prediction: 
0.208153, 0.21525, 0.262963, 0.313633, 
Ground Truth: 0 0 0 1 
Batch: 30
Input:
0.425373 0.247191 0.103093 0.0275229 0.333333 0.550427 0.785714 0 0.325 0 
Prediction: 
0.208136, 0.215231, 0.262937, 0.313695, 
Ground Truth: 0 1 0 0 
Batch: 31
Input:
0.440298 0.47191 0.0927835 0.12844 1 0.386504 0.0714286 0 0.075 0.5 
Prediction: 
0.208129, 0.21527, 0.262925, 0.313677, 
Ground Truth: 0 1 0 0 
Accuracy: 0

Epoch: 5
Batch: 0
Input:
0.395522 0.797753 0.237113 0.880734 0.666667 0.543111 1 0.666667 0.125 1 
Prediction: 
0.208121, 0.215308, 0.262912, 0.313659, 
Ground Truth: 0 1 0 0 
Batch: 1
Input:
0.19403 0.561798 0.103093 0.669725 1 0.473678 0.0714286 0 0.1 0 
Prediction: 
0.208114, 0.215346, 0.2629, 0.31364, 
Ground Truth: 0 0 0 1 
Batch: 2
Input:
0.201493 0.674157 0.278351 0.724771 1 0.490165 0.0714286 0 0.075 0 
Prediction: 
0.208097, 0.215328, 0.262873, 0.313702, 
Ground Truth: 0 0 0 1 
Batch: 3
Input:
0.171642 0.775281 0.298969 0.825688 1 0.482949 0.0714286 0 0.175 1 
Prediction: 
0.208079, 0.21531, 0.262847, 0.313764, 
Ground Truth: 0 0 0 1 
Batch: 4
Input:
0.134328 0.516854 0.371134 0.733945 1 0.466511 0 0 0.225 0 
Prediction: 
0.208062, 0.215291, 0.262821, 0.313826, 
Ground Truth: 0 0 0 1 
Batch: 5
Input:
0.343284 0.0224719 0.0515464 0.0642202 0.333333 0.565086 0.5 0.666667 0.35 0.5 
Prediction: 
0.208045, 0.215273, 0.262794, 0.313888, 
Ground Truth: 0 1 0 0 
Batch: 6
Input:
0.41791 0.359551 0.185567 0.0825688 0.666667 0.551755 0.428571 1 0.3 1 
Prediction: 
0.208037, 0.215311, 0.262782, 0.31387, 
Ground Truth: 0 1 0 0 
Batch: 7
Input:
0.395522 0.179775 0.0721649 0.174312 0.333333 0.569045 0.785714 1 0.45 0 
Prediction: 
0.20803, 0.21535, 0.262769, 0.313852, 
Ground Truth: 0 1 0 0 
Batch: 8
Input:
0.320896 0.41573 0.268041 0.229358 0 0.853692 0.357143 0 0.1 1 
Prediction: 
0.208022, 0.215388, 0.262757, 0.313833, 
Ground Truth: 1 0 0 0 
Batch: 9
Input:
0.455224 0.337079 0.206186 0.0825688 0.666667 0.574883 0.5 1 0.4 0 
Prediction: 
0.208059, 0.21538, 0.262745, 0.313816, 
Ground Truth: 0 1 0 0 
Batch: 10
Input:
0.261194 0.516854 0.268041 0.477064 1 0.478965 0.214286 1 0.125 1 
Prediction: 
0.208051, 0.215419, 0.262733, 0.313797, 
Ground Truth: 0 0 1 0 
Batch: 11
Input:
0.358209 0.011236 0 0.146789 0.666667 0.565161 0.428571 1 0.45 0 
Prediction: 
0.20804, 0.215406, 0.262783, 0.313771, 
Ground Truth: 0 1 0 0 
Batch: 12
Input:
0.141791 0.853933 0.14433 0.706422 0.333333 0.456514 0 0 0.25 1 
Prediction: 
0.208032, 0.215445, 0.262771, 0.313753, 
Ground Truth: 0 0 0 1 
Batch: 13
Input:
0.365672 0.539326 0.28866 0.788991 1 0.516801 0.0714286 1 0.2 0.5 
Prediction: 
0.208015, 0.215426, 0.262744, 0.313815, 
Ground Truth: 0 0 1 0 
Batch: 14
Input:
0.171642 0.764045 0.371134 0.669725 1 0.482022 0.0714286 0 0.25 0 
Prediction: 
0.208003, 0.215414, 0.262795, 0.313788, 
Ground Truth: 0 0 0 1 
Batch: 15
Input:
0.41791 0.47191 0.113402 0.908257 1 0.550753 0 0.666667 0.225 1 
Prediction: 
0.207986, 0.215395, 0.262768, 0.31385, 
Ground Truth: 0 0 1 0 
Batch: 16
Input:
0.358209 0.11236 0.103093 0.761468 0.333333 0.221654 0.857143 0 0.425 0.5 
Prediction: 
0.207974, 0.215383, 0.262819, 0.313824, 
Ground Truth: 1 0 0 0 
Batch: 17
Input:
0.350746 0.550562 0.123711 0.486239 1 0.504022 0.0714286 0 0.175 0 
Prediction: 
0.208011, 0.215375, 0.262807, 0.313807, 
Ground Truth: 0 0 1 0 
Batch: 18
Input:
0.455224 0.460674 0.154639 0.137615 0.333333 0.536621 0.714286 0 0.4 0.5 
Prediction: 
0.207999, 0.215363, 0.262858, 0.31378, 
Ground Truth: 0 1 0 0 
Batch: 19
Input:
0.141791 0.88764 0.28866 0.66055 1 0.462577 0 0 0.2 1 
Prediction: 
0.207992, 0.215401, 0.262845, 0.313762, 
Ground Truth: 0 0 0 1 
Batch: 20
Input:
0.440298 0.685393 0.123711 0.761468 0.333333 0.485505 0 0.666667 0.125 1 
Prediction: 
0.207974, 0.215383, 0.262819, 0.313824, 
Ground Truth: 0 0 1 0 
Batch: 21
Input:
0.216418 0.617977 0.216495 0.633027 0 0.31657 0.857143 0.333333 0.075 1 
Prediction: 
0.207963, 0.21537, 0.262869, 0.313798, 
Ground Truth: 0 0 1 0 
Batch: 22
Input:
0.320896 0.393258 0.185567 0.238532 1 0.519457 0.0714286 1 0.4 0 
Prediction: 
0.207951, 0.215358, 0.26292, 0.313771, 
Ground Truth: 1 0 0 0 
Batch: 23
Input:
0.410448 0.865169 0.371134 0.633027 0.333333 0.485054 0.214286 0.333333 0.125 0 
Prediction: 
0.207987, 0.21535, 0.262908, 0.313754, 
Ground Truth: 0 0 1 0 
Batch: 24
Input:
0.380597 0.719101 0.164948 0.614679 1 0.534942 0.0714286 0 0.175 1 
Prediction: 
0.207976, 0.215338, 0.262959, 0.313728, 
Ground Truth: 0 0 1 0 
Batch: 25
Input:
0.358209 0.88764 0.14433 0.513761 1 0.484001 0.0714286 0.666667 0.075 0.5 
Prediction: 
0.207964, 0.215325, 0.263009, 0.313701, 
Ground Truth: 0 0 1 0 
Batch: 26
Input:
0.283582 0.370787 0.123711 0.724771 0 0.224235 0.857143 0.333333 0.05 0 
Prediction: 
0.207952, 0.215313, 0.26306, 0.313675, 
Ground Truth: 0 1 0 0 
Batch: 27
Input:
0.126866 0.853933 0.319588 0.477064 1 0.479641 0 0 0.225 0 
Prediction: 
0.207945, 0.215351, 0.263048, 0.313657, 
Ground Truth: 0 0 0 1 
Batch: 28
Input:
0.30597 0.494382 0.0412371 0.440367 1 0.502343 0.0714286 0.333333 0.325 0.5 
Prediction: 
0.207927, 0.215333, 0.263021, 0.313719, 
Ground Truth: 1 0 0 0 
Batch: 29
Input:
0.402985 0.202247 0.123711 0.0550459 0.666667 0.572954 0.357143 0.666667 0.25 1 
Prediction: 
0.207964, 0.215325, 0.263009, 0.313701, 
Ground Truth: 0 1 0 0 
Batch: 30
Input:
0.134328 0.0561798 0.0412371 0.12844 0 0.764013 0.357143 1 0.825 1 
Prediction: 
0.207956, 0.215364, 0.262997, 0.313683, 
Ground Truth: 1 0 0 0 
Batch: 31
Input:
0.201493 0.685393 0.278351 0.522936 1 0.459145 0.0714286 0 0.2 0 
Prediction: 
0.207993, 0.215356, 0.262985, 0.313666, 
Ground Truth: 0 0 0 1 
Accuracy: 0

Epoch: 6
Batch: 0
Input:
0.11194 0.674157 0.350515 0.770642 1 0.453056 0.0714286 0 0.125 1 
Prediction: 
0.207976, 0.215338, 0.262959, 0.313728, 
Ground Truth: 0 0 0 1 
Batch: 1
Input:
0.216418 0.842697 0.71134 0.963303 1 0.485981 0.428571 0 0.15 1 
Prediction: 
0.207958, 0.215319, 0.262933, 0.31379, 
Ground Truth: 0 0 0 1 
Batch: 2
Input:
0.514925 0.179775 0.14433 0.0550459 0.666667 0.5494 0.357143 1 0.35 0.5 
Prediction: 
0.207941, 0.215301, 0.262906, 0.313852, 
Ground Truth: 0 1 0 0 
Batch: 3
Input:
0.485075 0.550562 0.298969 0.293578 0.333333 0.0502142 0 1 0.85 0.5 
Prediction: 
0.207934, 0.215339, 0.262894, 0.313833, 
Ground Truth: 1 0 0 0 
Batch: 4
Input:
0.298507 0.876405 0.402062 0.522936 1 0.481846 0.214286 1 0.225 1 
Prediction: 
0.20797, 0.215332, 0.262882, 0.313816, 
Ground Truth: 0 0 1 0 
Batch: 5
Input:
0.365672 0.58427 0.371134 0.568807 0.333333 0.535969 0 0 0.175 1 
Prediction: 
0.207958, 0.215319, 0.262933, 0.31379, 
Ground Truth: 0 0 1 0 
Batch: 6
Input:
0.19403 0.595506 0.0515464 0.853211 1 0.49891 0.0714286 0 0.125 1 
Prediction: 
0.207947, 0.215307, 0.262983, 0.313763, 
Ground Truth: 0 0 0 1 
Batch: 7
Input:
0.320896 0.797753 0.329897 0.513761 1 0.508006 0.0714286 0.333333 0.1 0.5 
Prediction: 
0.207929, 0.215288, 0.262957, 0.313825, 
Ground Truth: 0 0 1 0 
Batch: 8
Input:
0.462687 0.595506 0.226804 0.770642 0 0.513518 0.0714286 0 0.325 0 
Prediction: 
0.207918, 0.215276, 0.263007, 0.313799, 
Ground Truth: 1 0 0 0 
Batch: 9
Input:
0.380597 0.438202 0.123711 0.00917431 0.333333 0.550051 0.714286 1 0.425 0 
Prediction: 
0.207954, 0.215269, 0.262996, 0.313782, 
Ground Truth: 0 1 0 0 
Batch: 10
Input:
0.186567 0.876405 0.309278 0.678899 1 0.484803 0.0714286 0 0.175 0 
Prediction: 
0.207947, 0.215307, 0.262983, 0.313763, 
Ground Truth: 0 0 0 1 
Batch: 11
Input:
0.253731 0.516854 0.0515464 0.284404 1 0.924428 0.928571 0.333333 0.475 1 
Prediction: 
0.207929, 0.215288, 0.262957, 0.313825, 
Ground Truth: 0 0 1 0 
Batch: 12
Input:
0.0895522 0.404494 0.268041 0.513761 1 0.104513 1 0.333333 0.975 0.5 
Prediction: 
0.207918, 0.215276, 0.263007, 0.313799, 
Ground Truth: 0 0 1 0 
Batch: 13
Input:
0.313433 0.460674 0.206186 0.211009 1 0.524218 0.285714 0.333333 0.35 1 
Prediction: 
0.207906, 0.215263, 0.263058, 0.313773, 
Ground Truth: 1 0 0 0 
Batch: 14
Input:
0.358209 0.685393 0.371134 0.889908 1 0.545942 0.142857 0.333333 0.225 0.5 
Prediction: 
0.207942, 0.215256, 0.263046, 0.313755, 
Ground Truth: 0 0 1 0 
Batch: 15
Input:
0.358209 0.382022 0.309278 0.412844 1 0.517477 0.0714286 0.333333 0.275 0 
Prediction: 
0.207931, 0.215244, 0.263097, 0.313729, 
Ground Truth: 1 0 0 0 
Batch: 16
Input:
0.216418 0.348315 0.0618557 0.770642 0.333333 0.883234 0.428571 0 0.3 0 
Prediction: 
0.207967, 0.215236, 0.263085, 0.313712, 
Ground Truth: 1 0 0 0 
Batch: 17
Input:
0.380597 0.853933 0.14433 0.688073 0.333333 0.499336 0.214286 1 0.125 0 
Prediction: 
0.208003, 0.215229, 0.263073, 0.313695, 
Ground Truth: 0 0 1 0 
Batch: 18
Input:
0.283582 0.505618 0.309278 0.853211 1 0.537799 0.214286 0 0.15 0 
Prediction: 
0.207992, 0.215216, 0.263124, 0.313668, 
Ground Truth: 0 0 1 0 
Batch: 19
Input:
0.335821 0.426966 0.28866 0.385321 1 0.51843 0.142857 0.333333 0.4 0.5 
Prediction: 
0.20798, 0.215204, 0.263175, 0.313642, 
Ground Truth: 1 0 0 0 
Batch: 20
Input:
0.179104 0.797753 0.505155 0.917431 1 0.478238 0.928571 0 0.175 0 
Prediction: 
0.208016, 0.215196, 0.263163, 0.313624, 
Ground Truth: 0 0 0 1 
Batch: 21
Input:
0.164179 0.707865 0.329897 0.825688 1 0.478464 0 0 0.15 0 
Prediction: 
0.207999, 0.215178, 0.263137, 0.313686, 
Ground Truth: 0 0 0 1 
Batch: 22
Input:
0.231343 0.550562 0.195876 0.394495 0 0.31855 1 1 1 0 
Prediction: 
0.207982, 0.21516, 0.26311, 0.313748, 
Ground Truth: 0 1 0 0 
Batch: 23
Input:
0.537313 0 0.298969 0.614679 0 0.0224511 0.928571 0.666667 0.25 0.5 
Prediction: 
0.207975, 0.215198, 0.263098, 0.31373, 
Ground Truth: 0 1 0 0 
Batch: 24
Input:
0.283582 0.707865 0.154639 0.816514 1 0.53191 0 0.666667 0.225 1 
Prediction: 
0.207967, 0.215236, 0.263085, 0.313712, 
Ground Truth: 0 0 1 0 
Batch: 25
Input:
0.380597 0.573034 0.0103093 0.119266 0.333333 0.525195 0.0714286 1 0.35 1 
Prediction: 
0.207955, 0.215224, 0.263136, 0.313685, 
Ground Truth: 1 0 0 0 
Batch: 26
Input:
0.283582 0.617977 0.0103093 0.302752 1 0.517477 0.0714286 0.333333 0.4 1 
Prediction: 
0.207992, 0.215216, 0.263124, 0.313668, 
Ground Truth: 1 0 0 0 
Batch: 27
Input:
0.30597 0.516854 0.278351 0.174312 1 0.523992 0.142857 1 0.25 0.5 
Prediction: 
0.208028, 0.215209, 0.263112, 0.313651, 
Ground Truth: 1 0 0 0 
Batch: 28
Input:
0.5 0.932584 0.0412371 0.733945 1 0.539001 0.428571 0 0.275 1 
Prediction: 
0.208065, 0.215201, 0.263101, 0.313634, 
Ground Truth: 1 0 0 0 
Batch: 29
Input:
0.395522 0.280899 0.113402 0.0275229 0.666667 0.542359 0.357143 0.333333 0.45 1 
Prediction: 
0.208101, 0.215194, 0.263089, 0.313616, 
Ground Truth: 0 1 0 0 
Batch: 30
Input:
0.5 0.47191 0.175258 0.119266 0.666667 0.567692 0.357143 0.666667 0.5 0.5 
Prediction: 
0.208094, 0.215232, 0.263076, 0.313598, 
Ground Truth: 0 1 0 0 
Batch: 31
Input:
0.216418 0.730337 0.402062 0.706422 1 0.479967 0 0 0.25 1 
Prediction: 
0.208086, 0.21527, 0.263064, 0.31358, 
Ground Truth: 0 0 0 1 
Accuracy: 0

Epoch: 7
Batch: 0
Input:
0.432836 0.606742 0.412371 0.816514 1 0.50332 0.142857 0.666667 0.2 0.5 
Prediction: 
0.208069, 0.215252, 0.263037, 0.313642, 
Ground Truth: 0 0 1 0 
Batch: 1
Input:
0.268657 0.606742 0.134021 0.412844 0.333333 0.543812 0.0714286 0.666667 0.35 0 
Prediction: 
0.208057, 0.21524, 0.263088, 0.313615, 
Ground Truth: 1 0 0 0 
Batch: 2
Input:
0.373134 0.539326 0.164948 0.165138 0.333333 0.521086 0.285714 0.666667 0.3 0.5 
Prediction: 
0.208094, 0.215232, 0.263076, 0.313598, 
Ground Truth: 1 0 0 0 
Batch: 3
Input:
0.395522 0.561798 0.164948 0.12844 0.333333 0.548673 0.214286 0.333333 0.275 1 
Prediction: 
0.20813, 0.215225, 0.263065, 0.313581, 
Ground Truth: 1 0 0 0 
Batch: 4
Input:
0.38806 0.876405 0.0618557 0.981651 0.333333 0.508306 0.357143 0.666667 0.2 0.5 
Prediction: 
0.208166, 0.215217, 0.263053, 0.313563, 
Ground Truth: 1 0 0 0 
Batch: 5
Input:
0.432836 0.606742 0.134021 0.247706 1 0.511389 0.285714 0 0.425 1 
Prediction: 
0.208203, 0.21521, 0.263041, 0.313546, 
Ground Truth: 1 0 0 0 
Batch: 6
Input:
0.358209 0.786517 0.329897 0.981651 1 0.512165 0.928571 0 0.075 1 
Prediction: 
0.208239, 0.215202, 0.263029, 0.313529, 
Ground Truth: 1 0 0 0 
Batch: 7
Input:
0.365672 0.460674 0.298969 0.284404 0.333333 0.521988 0.214286 0 0.3 1 
Prediction: 
0.208276, 0.215195, 0.263018, 0.313512, 
Ground Truth: 1 0 0 0 
Batch: 8
Input:
0.253731 0.617977 0.257732 0.908257 0.333333 0.857501 0 1 0.9 0 
Prediction: 
0.208312, 0.215187, 0.263006, 0.313494, 
Ground Truth: 0 0 1 0 
Batch: 9
Input:
0.402985 0.808989 0.309278 0.724771 1 0.48137 0.142857 1 0.15 0 
Prediction: 
0.2083, 0.215175, 0.263057, 0.313468, 
Ground Truth: 0 0 1 0 
Batch: 10
Input:
0.0223881 0.831461 0.505155 0.688073 0.333333 0.452956 0.428571 0 0.075 1 
Prediction: 
0.208289, 0.215162, 0.263107, 0.313442, 
Ground Truth: 0 0 0 1 
Batch: 11
Input:
0.313433 0.58427 0.247423 0.422018 0.333333 0.477436 0.714286 0.333333 1 0 
Prediction: 
0.208271, 0.215144, 0.263081, 0.313504, 
Ground Truth: 0 1 0 0 
Batch: 12
Input:
0.432836 0.393258 0.0721649 0.229358 0.333333 0.542209 0.0714286 0.666667 0.35 1 
Prediction: 
0.208264, 0.215182, 0.263068, 0.313485, 
Ground Truth: 1 0 0 0 
Batch: 13
Input:
0.335821 0.52809 0.103093 0.605505 1 0.479917 0 0.333333 0.25 0.5 
Prediction: 
0.2083, 0.215175, 0.263057, 0.313468, 
Ground Truth: 0 0 1 0 
Batch: 14
Input:
0.126866 0.719101 0.402062 0.816514 1 0.463931 0.0714286 0 0.175 1 
Prediction: 
0.208289, 0.215162, 0.263107, 0.313442, 
Ground Truth: 0 0 0 1 
Batch: 15
Input:
0.186567 0.752809 0.0721649 0.559633 1 0.464833 0 0 0.25 0 
Prediction: 
0.208271, 0.215144, 0.263081, 0.313504, 
Ground Truth: 0 0 0 1 
Batch: 16
Input:
0.156716 0.0337079 0.257732 0.614679 0.333333 0.336566 0.571429 1 0.375 0 
Prediction: 
0.208254, 0.215126, 0.263054, 0.313566, 
Ground Truth: 0 1 0 0 
Batch: 17
Input:
0.395522 0.483146 0.206186 0.357798 1 0.539878 0.142857 1 0.275 1 
Prediction: 
0.208247, 0.215164, 0.263042, 0.313547, 
Ground Truth: 1 0 0 0 
Batch: 18
Input:
0.410448 0.179775 0.0309278 0.119266 0.666667 0.530482 0.642857 0 0.275 0.5 
Prediction: 
0.208283, 0.215157, 0.26303, 0.31353, 
Ground Truth: 0 1 0 0 
Batch: 19
Input:
0.41791 0.651685 0.0721649 0.366972 1 0.522313 0.142857 0 0.4 1 
Prediction: 
0.208276, 0.215195, 0.263018, 0.313512, 
Ground Truth: 1 0 0 0 
Batch: 20
Input:
0.462687 0.842697 0.721649 0.788991 1 0.477311 0.0714286 0.666667 0.2 1 
Prediction: 
0.208312, 0.215187, 0.263006, 0.313494, 
Ground Truth: 0 0 1 0 
Batch: 21
Input:
0.149254 0.831461 0.402062 0.761468 1 0.479516 0 0 0.075 0 
Prediction: 
0.2083, 0.215175, 0.263057, 0.313468, 
Ground Truth: 0 0 0 1 
Batch: 22
Input:
0.485075 0.0674157 0.134021 0.0366972 0.333333 0.554938 0.428571 0.333333 0.475 1 
Prediction: 
0.208283, 0.215157, 0.26303, 0.31353, 
Ground Truth: 0 1 0 0 
Batch: 23
Input:
0.559702 0.797753 0.793814 0.651376 1 0.550828 0.357143 0.333333 0.15 0 
Prediction: 
0.208276, 0.215195, 0.263018, 0.313512, 
Ground Truth: 0 0 1 0 
Batch: 24
Input:
0.432836 0.370787 0.14433 0.165138 0.333333 0.548423 0.214286 0.666667 0.4 1 
Prediction: 
0.208264, 0.215182, 0.263068, 0.313485, 
Ground Truth: 1 0 0 0 
Batch: 25
Input:
0.402985 0.808989 0.216495 0.844037 0.333333 0.497707 0.0714286 1 0.175 0.5 
Prediction: 
0.2083, 0.215175, 0.263057, 0.313468, 
Ground Truth: 0 0 1 0 
Batch: 26
Input:
0.30597 0.606742 0.412371 0.963303 1 0.54078 0.142857 0.666667 0.3 0 
Prediction: 
0.208289, 0.215162, 0.263107, 0.313442, 
Ground Truth: 0 0 1 0 
Batch: 27
Input:
0.335821 0.52809 0.185567 0.284404 1 0.548874 0.285714 1 0.3 0 
Prediction: 
0.208277, 0.21515, 0.263158, 0.313415, 
Ground Truth: 1 0 0 0 
Batch: 28
Input:
0.410448 0.595506 0.371134 0.715596 1 0.54038 0.214286 0.666667 0.075 1 
Prediction: 
0.208313, 0.215142, 0.263146, 0.313398, 
Ground Truth: 0 0 1 0 
Batch: 29
Input:
0.358209 0.393258 0.134021 0.100917 0.666667 0.562505 0.642857 1 0.35 0 
Prediction: 
0.208302, 0.21513, 0.263197, 0.313372, 
Ground Truth: 0 1 0 0 
Batch: 30
Input:
0.380597 0.651685 0.350515 0.614679 1 0.507304 0.214286 0.666667 0.2 0 
Prediction: 
0.208294, 0.215168, 0.263184, 0.313354, 
Ground Truth: 0 0 1 0 
Batch: 31
Input:
0.19403 0.831461 0.298969 0.87156 1 0.459746 0.0714286 0 0.1 0 
Prediction: 
0.208282, 0.215156, 0.263235, 0.313327, 
Ground Truth: 0 0 0 1 
Accuracy: 0

Epoch: 8
Batch: 0
Input:
0.5 0.898876 0.43299 0.853211 0.333333 0.507254 0.142857 0.333333 0.525 1 
Prediction: 
0.208265, 0.215137, 0.263208, 0.313389, 
Ground Truth: 1 0 0 0 
Batch: 1
Input:
0.440298 0.730337 0.412371 0.642202 0.333333 0.494625 0.0714286 0.333333 0.075 0 
Prediction: 
0.208302, 0.21513, 0.263197, 0.313372, 
Ground Truth: 0 0 1 0 
Batch: 2
Input:
0.38806 0.606742 0.206186 0.394495 0.333333 0.518003 0.285714 0.666667 0.325 0.5 
Prediction: 
0.20829, 0.215117, 0.263247, 0.313346, 
Ground Truth: 1 0 0 0 
Batch: 3
Input:
0.380597 0.853933 0.329897 0.53211 0.333333 0.524894 0.0714286 0 0.1 1 
Prediction: 
0.208326, 0.21511, 0.263236, 0.313328, 
Ground Truth: 0 0 1 0 
Batch: 4
Input:
0.261194 0.595506 0.185567 0.146789 1 0.532061 0.142857 0.666667 0.425 0.5 
Prediction: 
0.208315, 0.215097, 0.263286, 0.313302, 
Ground Truth: 1 0 0 0 
Batch: 5
Input:
0.455224 0.494382 0.164948 0.889908 0 0.510111 0.357143 0.333333 0.825 0.5 
Prediction: 
0.208351, 0.21509, 0.263274, 0.313285, 
Ground Truth: 0 0 0 1 
Batch: 6
Input:
0.492537 0.337079 0.206186 0.00917431 0.666667 0.546343 0.785714 1 0.3 1 
Prediction: 
0.208334, 0.215072, 0.263248, 0.313347, 
Ground Truth: 0 1 0 0 
Batch: 7
Input:
0.171642 0.797753 0.298969 0.633027 1 0.497106 0.0714286 0 0.15 1 
Prediction: 
0.208326, 0.21511, 0.263236, 0.313328, 
Ground Truth: 0 0 0 1 
Batch: 8
Input:
0.380597 0.359551 0.0309278 0.348624 1 0.54073 0.285714 1 0.4 0.5 
Prediction: 
0.208309, 0.215092, 0.263209, 0.31339, 
Ground Truth: 1 0 0 0 
Batch: 9
Input:
0.19403 0.606742 0.0515464 0.816514 0.333333 0.485755 0 0 0.175 1 
Prediction: 
0.208345, 0.215084, 0.263197, 0.313373, 
Ground Truth: 0 0 0 1 
Batch: 10
Input:
0.373134 0.11236 0.123711 0.119266 0.666667 0.552532 0.5 0.333333 0.5 0 
Prediction: 
0.208328, 0.215066, 0.263171, 0.313435, 
Ground Truth: 0 1 0 0 
Batch: 11
Input:
0.268657 0.865169 0.319588 0.770642 1 0.506252 0 0.666667 0.125 0.5 
Prediction: 
0.208321, 0.215104, 0.263159, 0.313417, 
Ground Truth: 0 0 1 0 
Batch: 12
Input:
0.261194 0.730337 0.175258 0.642202 1 0.510812 0.0714286 0 0.175 0 
Prediction: 
0.208309, 0.215092, 0.263209, 0.31339, 
Ground Truth: 0 0 1 0 
Batch: 13
Input:
0.380597 0.595506 0.154639 0.431193 1 0.543487 0.214286 0.666667 0.3 1 
Prediction: 
0.208297, 0.215079, 0.26326, 0.313364, 
Ground Truth: 1 0 0 0 
Batch: 14
Input:
0.358209 0.47191 0.0721649 0.348624 0.333333 0.530256 0.285714 1 0.275 0 
Prediction: 
0.208334, 0.215072, 0.263248, 0.313347, 
Ground Truth: 1 0 0 0 
Batch: 15
Input:
0.335821 0.719101 0.113402 0.990826 0.333333 0.540129 0.142857 1 0.425 0.5 
Prediction: 
0.20837, 0.215064, 0.263236, 0.313329, 
Ground Truth: 0 1 0 0 
Batch: 16
Input:
0.171642 0.651685 0.0618557 0.192661 1 0.644291 0 0.333333 0.9 1 
Prediction: 
0.208363, 0.215102, 0.263224, 0.313311, 
Ground Truth: 0 1 0 0 
Batch: 17
Input:
0.365672 0.382022 0.123711 0.431193 1 0.521937 0.214286 0.666667 0.4 1 
Prediction: 
0.208355, 0.215141, 0.263211, 0.313293, 
Ground Truth: 1 0 0 0 
Batch: 18
Input:
0.395522 0.0337079 0.0721649 0.165138 0.666667 0.568894 0.428571 1 0.475 1 
Prediction: 
0.208392, 0.215133, 0.2632, 0.313275, 
Ground Truth: 0 1 0 0 
Batch: 19
Input:
0.276119 0.865169 0.113402 0.788991 1 0.514696 0.214286 0 0.15 1 
Prediction: 
0.208384, 0.215172, 0.263187, 0.313257, 
Ground Truth: 0 0 1 0 
Batch: 20
Input:
0.410448 0.494382 0.123711 0.614679 0.333333 0.523691 0.214286 0.666667 0.2 0.5 
Prediction: 
0.208373, 0.215159, 0.263238, 0.313231, 
Ground Truth: 0 0 1 0 
Batch: 21
Input:
0.320896 0.359551 0.103093 0.174312 0.333333 0.535243 0.0714286 0.666667 0.45 0.5 
Prediction: 
0.208361, 0.215146, 0.263288, 0.313205, 
Ground Truth: 1 0 0 0 
Batch: 22
Input:
0.395522 0.662921 0.268041 0.458716 1 0.540079 0 0.666667 0.2 0 
Prediction: 
0.208397, 0.215139, 0.263276, 0.313187, 
Ground Truth: 0 0 1 0 
Batch: 23
Input:
0.395522 0.269663 0.28866 0.422018 0.333333 0.323411 0.0714286 1 0.175 0.5 
Prediction: 
0.208386, 0.215126, 0.263327, 0.313161, 
Ground Truth: 1 0 0 0 
Batch: 24
Input:
0.0522388 0.191011 0.268041 0.513761 1 0.417751 0.928571 0.666667 0.55 0 
Prediction: 
0.208422, 0.215119, 0.263315, 0.313144, 
Ground Truth: 0 0 0 1 
Batch: 25
Input:
0.395522 0.573034 0.412371 0.541284 1 0.497983 0.214286 0 0.075 1 
Prediction: 
0.208405, 0.215101, 0.263289, 0.313206, 
Ground Truth: 0 0 1 0 
Batch: 26
Input:
0.447761 0.247191 0.123711 0.100917 0.666667 0.562179 0.357143 0.666667 0.375 0.5 
Prediction: 
0.208393, 0.215088, 0.26334, 0.313179, 
Ground Truth: 0 1 0 0 
Batch: 27
Input:
0.440298 0.460674 0.0412371 0.412844 1 0.526623 0.214286 0 0.325 0.5 
Prediction: 
0.208386, 0.215126, 0.263327, 0.313161, 
Ground Truth: 1 0 0 0 
Batch: 28
Input:
0.477612 0.202247 0.298969 0.688073 0.333333 0.613771 0.0714286 0.666667 0.7 0 
Prediction: 
0.208422, 0.215119, 0.263315, 0.313144, 
Ground Truth: 0 1 0 0 
Batch: 29
Input:
0.477612 0.426966 0.0309278 0.0917431 0.333333 0.551304 0.357143 0 0.45 1 
Prediction: 
0.208415, 0.215157, 0.263303, 0.313125, 
Ground Truth: 0 1 0 0 
Batch: 30
Input:
0.134328 0.674157 0.185567 0.559633 0.333333 0.490616 0 0 0.125 1 
Prediction: 
0.208407, 0.215196, 0.26329, 0.313107, 
Ground Truth: 0 0 0 1 
Batch: 31
Input:
0.156716 0.775281 0.0206186 0.816514 0.333333 0.469643 0.0714286 0 0.15 0 
Prediction: 
0.20839, 0.215177, 0.263264, 0.313169, 
Ground Truth: 0 0 0 1 
Accuracy: 0

Epoch: 9
Batch: 0
Input:
0.358209 0.617977 0.340206 0.788991 1 0.54504 0.142857 0 0.075 0 
Prediction: 
0.208373, 0.215159, 0.263238, 0.313231, 
Ground Truth: 0 0 1 0 
Batch: 1
Input:
0.291045 0.460674 0.319588 0.46789 0.333333 0.480568 0.0714286 0.333333 0.225 0.5 
Prediction: 
0.208361, 0.215146, 0.263288, 0.313204, 
Ground Truth: 0 0 1 0 
Batch: 2
Input:
0.402985 0.595506 0.185567 0.816514 0 0.199429 0.714286 0.333333 0.425 1 
Prediction: 
0.208349, 0.215134, 0.263339, 0.313178, 
Ground Truth: 0 0 1 0 
Batch: 3
Input:
0.268657 0.146067 0.0618557 0.825688 1 0.664136 0.785714 1 0.15 0 
Prediction: 
0.208337, 0.215121, 0.263389, 0.313152, 
Ground Truth: 0 0 0 1 
Batch: 4
Input:
0.373134 0.348315 0.14433 0.165138 0.666667 0.571651 0.571429 1 0.475 0 
Prediction: 
0.20832, 0.215103, 0.263363, 0.313214, 
Ground Truth: 0 1 0 0 
Batch: 5
Input:
0.350746 0.292135 0.247423 0.458716 0 0.554361 0.785714 0 0.225 0 
Prediction: 
0.208313, 0.215141, 0.263351, 0.313195, 
Ground Truth: 1 0 0 0 
Batch: 6
Input:
0.380597 0.88764 0.371134 0.761468 1 0.500464 0.142857 0 0.15 1 
Prediction: 
0.208349, 0.215134, 0.263339, 0.313178, 
Ground Truth: 0 0 1 0 
Batch: 7
Input:
0.268657 0.393258 0.154639 0.440367 1 0.513067 0.285714 0 0.375 0 
Prediction: 
0.208337, 0.215121, 0.263389, 0.313152, 
Ground Truth: 1 0 0 0 
Batch: 8
Input:
0.164179 0.247191 0.0618557 0.211009 1 0.701596 0.714286 0 0.3 0 
Prediction: 
0.208374, 0.215114, 0.263378, 0.313135, 
Ground Truth: 0 0 1 0 
Batch: 9
Input:
0.402985 0.741573 0.154639 0.66055 1 0.47701 0 1 0.125 1 
Prediction: 
0.208362, 0.215101, 0.263428, 0.313108, 
Ground Truth: 0 0 1 0 
Batch: 10
Input:
0.492537 0.808989 0.484536 0.669725 0.333333 0.506878 1 0.666667 0.55 0.5 
Prediction: 
0.20835, 0.215089, 0.263479, 0.313082, 
Ground Truth: 1 0 0 0 
Batch: 11
Input:
0.425373 0.483146 0.206186 0.743119 0.333333 0.541181 0.142857 0.333333 0.25 1 
Prediction: 
0.208387, 0.215081, 0.263467, 0.313065, 
Ground Truth: 0 0 1 0 
Batch: 12
Input:
0.253731 0.775281 0.206186 0.926606 0.333333 0.521411 0 0.333333 0.15 0.5 
Prediction: 
0.208375, 0.215069, 0.263518, 0.313038, 
Ground Truth: 0 0 1 0 
Batch: 13
Input:
0.41791 0.595506 0.494845 0.788991 1 0.535343 0.571429 0 0.1 0.5 
Prediction: 
0.208363, 0.215056, 0.263569, 0.313012, 
Ground Truth: 0 0 1 0 
Batch: 14
Input:
0.164179 0.741573 0.257732 0.706422 1 0.488386 0 0 0.2 0 
Prediction: 
0.208351, 0.215044, 0.263619, 0.312986, 
Ground Truth: 0 0 0 1 
Batch: 15
Input:
0.447761 0.258427 0.0412371 0.137615 0.666667 0.548197 0.5 0.333333 0.325 0.5 
Prediction: 
0.208334, 0.215026, 0.263593, 0.313047, 
Ground Truth: 0 1 0 0 
Batch: 16
Input:
0.38806 0.426966 0.226804 0.33945 0.333333 0.513669 0.0714286 0 0.425 0 
Prediction: 
0.208327, 0.215064, 0.26358, 0.313029, 
Ground Truth: 1 0 0 0 
Batch: 17
Input:
0.141791 1 0.56701 0.917431 1 0.491493 0.357143 0 0.1 1 
Prediction: 
0.208363, 0.215056, 0.263569, 0.313012, 
Ground Truth: 0 0 0 1 
Batch: 18
Input:
0.0895522 0.460674 0.0412371 0.743119 0.333333 0.27049 0.428571 1 0.55 0 
Prediction: 
0.208346, 0.215038, 0.263542, 0.313074, 
Ground Truth: 1 0 0 0 
Batch: 19
Input:
0.373134 0.0674157 0.0927835 0.0458716 0.666667 0.532386 0.571429 0 0.25 0.5 
Prediction: 
0.208382, 0.215031, 0.263531, 0.313056, 
Ground Truth: 0 1 0 0 
Batch: 20
Input:
0.141791 0.853933 0.402062 0.559633 1 0.467739 0 0 0.175 0 
Prediction: 
0.208375, 0.215069, 0.263518, 0.313038, 
Ground Truth: 0 0 0 1 
Batch: 21
Input:
0.141791 0.853933 0.371134 0.568807 0.333333 0.451277 0.0714286 0 0.1 0 
Prediction: 
0.208358, 0.215051, 0.263492, 0.3131, 
Ground Truth: 0 0 0 1 
Batch: 22
Input:
0.328358 0.820225 0.298969 0.522936 1 0.547045 0 0 0.2 0 
Prediction: 
0.20834, 0.215032, 0.263465, 0.313162, 
Ground Truth: 0 0 1 0 
Batch: 23
Input:
0.365672 0.426966 0.154639 0.266055 1 0.530833 0.214286 0.333333 0.375 0.5 
Prediction: 
0.208329, 0.21502, 0.263516, 0.313136, 
Ground Truth: 1 0 0 0 
Batch: 24
Input:
0.291045 0.550562 0.298969 0.146789 1 0.534616 0.214286 0 0.325 1 
Prediction: 
0.208365, 0.215012, 0.263504, 0.313118, 
Ground Truth: 1 0 0 0 
Batch: 25
Input:
0.19403 0.853933 0.319588 0.770642 1 0.488662 0 0 0.075 1 
Prediction: 
0.208402, 0.215005, 0.263492, 0.313101, 
Ground Truth: 0 0 0 1 
Batch: 26
Input:
0.350746 0.764045 0.350515 0.908257 1 0.479742 0.0714286 0.333333 0.1 0.5 
Prediction: 
0.208384, 0.214987, 0.263466, 0.313163, 
Ground Truth: 0 0 1 0 
Batch: 27
Input:
0.440298 0.483146 0.391753 0.559633 1 0.505826 0.214286 1 0.15 0 
Prediction: 
0.208373, 0.214974, 0.263517, 0.313137, 
Ground Truth: 0 0 1 0 
Batch: 28
Input:
0.320896 0.404494 0.0824742 0.183486 0.333333 0.50307 0.285714 0.333333 0.375 1 
Prediction: 
0.208361, 0.214962, 0.263567, 0.31311, 
Ground Truth: 1 0 0 0 
Batch: 29
Input:
0.455224 0.382022 0.0927835 0.0275229 0.666667 0.547972 0.5 1 0.375 0.5 
Prediction: 
0.208397, 0.214954, 0.263556, 0.313093, 
Ground Truth: 0 1 0 0 
Batch: 30
Input:
0.477612 0 0.0206186 0.110092 0.666667 0.540981 0.428571 0.666667 0.275 0.5 
Prediction: 
0.20839, 0.214992, 0.263543, 0.313075, 
Ground Truth: 0 1 0 0 
Batch: 31
Input:
0.276119 0.359551 0.216495 0.33945 1 0.54514 0.285714 1 0.3 1 
Prediction: 
0.208382, 0.215031, 0.263531, 0.313056, 
Ground Truth: 1 0 0 0 
Accuracy: 0

Epoch: 10
Batch: 0
Input:
0.485075 0.146067 0.175258 0.0183486 0.666667 0.528853 0.785714 0.333333 0.3 0 
Prediction: 
0.208419, 0.215023, 0.263519, 0.313039, 
Ground Truth: 0 1 0 0 
Batch: 1
Input:
0.514925 0.550562 0.0412371 0.0825688 0.333333 0.537022 0.642857 0.333333 0.425 0.5 
Prediction: 
0.208411, 0.215061, 0.263506, 0.313021, 
Ground Truth: 0 1 0 0 
Batch: 2
Input:
0.373134 0.47191 0.0206186 0.302752 0.333333 0.509334 0.214286 0.333333 0.275 1 
Prediction: 
0.208404, 0.2151, 0.263494, 0.313003, 
Ground Truth: 1 0 0 0 
Batch: 3
Input:
0.283582 0.831461 0.113402 0.908257 0.333333 0.516049 0.142857 0 0.1 0.5 
Prediction: 
0.20844, 0.215092, 0.263482, 0.312986, 
Ground Truth: 0 0 1 0 
Batch: 4
Input:
0.126866 0.685393 0.113402 0.825688 1 0.473527 0.0714286 0 0.25 0 
Prediction: 
0.208429, 0.21508, 0.263533, 0.312959, 
Ground Truth: 0 0 0 1 
Batch: 5
Input:
0.365672 0.539326 0.185567 0 0.666667 0.545792 0.642857 0 0.35 0 
Prediction: 
0.208411, 0.215061, 0.263506, 0.313021, 
Ground Truth: 0 1 0 0 
Batch: 6
Input:
0.0895522 0.696629 0.103093 1 0.333333 0.468666 1 0 0.075 0 
Prediction: 
0.208404, 0.2151, 0.263494, 0.313003, 
Ground Truth: 0 0 0 1 
Batch: 7
Input:
0.358209 0.168539 0.134021 0.155963 0.666667 0.538425 0.785714 1 0.3 1 
Prediction: 
0.208387, 0.215081, 0.263467, 0.313065, 
Ground Truth: 0 1 0 0 
Batch: 8
Input:
0.268657 0.337079 0.0309278 0.12844 1 0.540805 0.214286 0 0.325 1 
Prediction: 
0.208379, 0.21512, 0.263455, 0.313046, 
Ground Truth: 1 0 0 0 
Batch: 9
Input:
0.261194 0.595506 0.185567 0.146789 1 0.532061 0.142857 0.666667 0.425 0.5 
Prediction: 
0.208416, 0.215112, 0.263443, 0.313029, 
Ground Truth: 1 0 0 0 
Batch: 10
Input:
0.365672 0.808989 0.0412371 0.87156 1 0.517703 0.0714286 0 0.025 1 
Prediction: 
0.208452, 0.215105, 0.263431, 0.313012, 
Ground Truth: 1 0 0 0 
Batch: 11
Input:
0.350746 0.449438 0.0103093 0.174312 0.666667 0.57571 0.642857 0 0.375 0.5 
Prediction: 
0.208489, 0.215097, 0.263419, 0.312995, 
Ground Truth: 0 1 0 0 
Batch: 12
Input:
0.440298 0.573034 0.123711 0.385321 0.333333 0.521787 0.285714 0.333333 0.35 1 
Prediction: 
0.208481, 0.215135, 0.263407, 0.312976, 
Ground Truth: 1 0 0 0 
Batch: 13
Input:
0.283582 0.516854 0.154639 0.311927 1 0.523266 0.214286 0 0.4 1 
Prediction: 
0.208518, 0.215128, 0.263395, 0.312959, 
Ground Truth: 1 0 0 0 
Batch: 14
Input:
0.320896 0.842697 0.123711 0.678899 1 0.4945 0.0714286 0 0.05 0.5 
Prediction: 
0.208554, 0.215121, 0.263383, 0.312942, 
Ground Truth: 0 0 1 0 
Batch: 15
Input:
0.126866 0.58427 0.206186 0.651376 0.333333 0.481019 0.0714286 0 0.1 0 
Prediction: 
0.208543, 0.215108, 0.263434, 0.312916, 
Ground Truth: 0 0 0 1 
Batch: 16
Input:
0.119403 0.52809 0.268041 0.844037 1 0.454133 0 0 0.1 1 
Prediction: 
0.208525, 0.21509, 0.263408, 0.312977, 
Ground Truth: 0 0 0 1 
Batch: 17
Input:
0.283582 0.505618 0.257732 0.165138 1 0.539803 0.285714 0 0.35 0 
Prediction: 
0.208508, 0.215072, 0.263381, 0.313039, 
Ground Truth: 1 0 0 0 
Batch: 18
Input:
0.477612 0.494382 0.14433 0.12844 0.666667 0.527375 0.714286 0.666667 0.45 0 
Prediction: 
0.208545, 0.215064, 0.263369, 0.313022, 
Ground Truth: 0 1 0 0 
Batch: 19
Input:
0.350746 0.797753 0.226804 0.504587 1 0.504723 0.214286 0.666667 0.225 1 
Prediction: 
0.208537, 0.215102, 0.263357, 0.313004, 
Ground Truth: 0 0 1 0 
Batch: 20
Input:
0.470149 0.11236 0.185567 0.00917431 0.666667 0.534842 0.357143 0.666667 0.275 0.5 
Prediction: 
0.208525, 0.21509, 0.263408, 0.312977, 
Ground Truth: 0 1 0 0 
Batch: 21
Input:
0.425373 0.0449438 0.14433 0.165138 0.333333 0.540179 0.428571 0.666667 0.275 0 
Prediction: 
0.208518, 0.215128, 0.263395, 0.312959, 
Ground Truth: 0 1 0 0 
Batch: 22
Input:
0.410448 0.561798 0.0206186 0.412844 1 0.545541 0.285714 0.333333 0.425 0.5 
Prediction: 
0.20851, 0.215166, 0.263382, 0.312941, 
Ground Truth: 1 0 0 0 
Batch: 23
Input:
0.38806 0.449438 0.123711 0.220183 1 0.531108 0.214286 0 0.425 1 
Prediction: 
0.208547, 0.215159, 0.263371, 0.312924, 
Ground Truth: 1 0 0 0 
Batch: 24
Input:
0.402985 0.651685 0.309278 0.256881 1 0.5275 0.0714286 0.666667 0.275 0.5 
Prediction: 
0.208583, 0.215151, 0.263359, 0.312906, 
Ground Truth: 1 0 0 0 
Batch: 25
Input:
0.41791 0.831461 0.57732 1 1 0.515297 0.428571 1 0.175 1 
Prediction: 
0.20862, 0.215144, 0.263347, 0.312889, 
Ground Truth: 0 0 1 0 
Batch: 26
Input:
0.0970149 0 0.278351 0.119266 0.333333 0.324112 0.285714 0 0.425 0.5 
Prediction: 
0.208608, 0.215131, 0.263398, 0.312863, 
Ground Truth: 0 1 0 0 
Batch: 27
Input:
0.507463 0.314607 0.123711 0.100917 0.666667 0.567792 0.785714 0 0.4 1 
Prediction: 
0.208601, 0.21517, 0.263385, 0.312845, 
Ground Truth: 0 1 0 0 
Batch: 28
Input:
0.268657 0.651685 0.216495 0.211009 1 0.53394 0.142857 0.666667 0.375 0 
Prediction: 
0.208593, 0.215208, 0.263373, 0.312826, 
Ground Truth: 1 0 0 0 
Batch: 29
Input:
0.141791 0.696629 0.134021 0.697248 1 0.460598 0.0714286 0 0.125 0 
Prediction: 
0.20863, 0.2152, 0.263361, 0.312809, 
Ground Truth: 0 0 0 1 
Batch: 30
Input:
0.41791 0.707865 0.185567 0.541284 1 0.495377 0.214286 0.666667 0.2 0.5 
Prediction: 
0.208613, 0.215182, 0.263335, 0.312871, 
Ground Truth: 0 0 1 0 
Batch: 31
Input:
0.41791 0.449438 0.14433 0.743119 0.333333 0.495402 0.0714286 0 0.175 0.5 
Prediction: 
0.208601, 0.21517, 0.263385, 0.312845, 
Ground Truth: 0 0 1 0 
Accuracy: 0

Epoch: 11
Batch: 0
Input:
0.380597 0.382022 0.268041 0.422018 0.333333 0.529279 0.0714286 1 0.3 1 
Prediction: 
0.208589, 0.215157, 0.263436, 0.312818, 
Ground Truth: 1 0 0 0 
Batch: 1
Input:
0.186567 0.674157 0.371134 0.825688 1 0.486081 0 0 0.175 1 
Prediction: 
0.208625, 0.21515, 0.263424, 0.312801, 
Ground Truth: 0 0 0 1 
Batch: 2
Input:
0.156716 0.853933 0.319588 0.752294 0.333333 0.452429 0.0714286 0 0.225 1 
Prediction: 
0.208608, 0.215131, 0.263398, 0.312863, 
Ground Truth: 0 0 0 1 
Batch: 3
Input:
0.134328 0.932584 0.443299 0.724771 1 0.453206 0.928571 0 0.25 0 
Prediction: 
0.208591, 0.215113, 0.263371, 0.312925, 
Ground Truth: 0 0 0 1 
Batch: 4
Input:
0.507463 0.235955 0.0206186 0.0825688 0.666667 0.530783 0.357143 1 0.3 1 
Prediction: 
0.208574, 0.215095, 0.263345, 0.312986, 
Ground Truth: 0 1 0 0 
Batch: 5
Input:
0.335821 0.269663 0.0412371 0.155963 0.333333 0.55584 0.5 0.333333 0.275 0 
Prediction: 
0.208566, 0.215133, 0.263333, 0.312968, 
Ground Truth: 0 1 0 0 
Batch: 6
Input:
0.179104 0.561798 0.371134 0.513761 1 0.488136 0 0 0.2 0 
Prediction: 
0.208559, 0.215171, 0.26332, 0.31295, 
Ground Truth: 0 0 0 1 
Batch: 7
Input:
0.455224 0.292135 0.0103093 0.165138 0.666667 0.539553 0.357143 0 0.45 1 
Prediction: 
0.208542, 0.215153, 0.263294, 0.313012, 
Ground Truth: 0 1 0 0 
Batch: 8
Input:
0.261194 0.58427 0.237113 0.825688 1 0.52081 0.214286 0.333333 0.15 1 
Prediction: 
0.208534, 0.215191, 0.263281, 0.312993, 
Ground Truth: 0 0 1 0 
Batch: 9
Input:
0.320896 0.52809 0.309278 0.669725 0.333333 0.515172 0 1 0.225 0 
Prediction: 
0.208522, 0.215179, 0.263332, 0.312967, 
Ground Truth: 0 0 1 0 
Batch: 10
Input:
0.0447761 0.157303 0.309278 0.899083 1 0.777268 0.857143 0.333333 0.15 0.5 
Prediction: 
0.20851, 0.215166, 0.263382, 0.312941, 
Ground Truth: 0 1 0 0 
Batch: 11
Input:
0.432836 0.426966 0.134021 0.00917431 0.666667 0.567391 0.571429 0.666667 0.275 1 
Prediction: 
0.208503, 0.215205, 0.26337, 0.312923, 
Ground Truth: 0 1 0 0 
Batch: 12
Input:
0.41791 0.52809 0.402062 0.788991 1 0.513418 0.0714286 0.666667 0.2 0.5 
Prediction: 
0.208495, 0.215243, 0.263357, 0.312904, 
Ground Truth: 0 0 1 0 
Batch: 13
Input:
0.156716 0.730337 0.164948 0.669725 1 0.487234 0.0714286 0 0.2 0 
Prediction: 
0.208484, 0.21523, 0.263408, 0.312878, 
Ground Truth: 0 0 0 1 
Batch: 14
Input:
0.343284 0.258427 0 0.0550459 0.666667 0.540154 0.714286 0.666667 0.35 0.5 
Prediction: 
0.208466, 0.215212, 0.263382, 0.31294, 
Ground Truth: 0 1 0 0 
Batch: 15
Input:
0.38806 0.808989 0.185567 0.59633 1 0.509384 0.214286 0 0.225 0.5 
Prediction: 
0.208459, 0.21525, 0.263369, 0.312922, 
Ground Truth: 0 0 1 0 
Batch: 16
Input:
0.343284 0.0786517 0.0618557 0.0458716 0.666667 0.528452 0.714286 0.666667 0.375 0.5 
Prediction: 
0.208447, 0.215238, 0.26342, 0.312895, 
Ground Truth: 0 1 0 0 
Batch: 17
Input:
0.552239 0.235955 0.0309278 0.752294 0 0.958982 0.785714 0.333333 0.5 1 
Prediction: 
0.20844, 0.215276, 0.263407, 0.312877, 
Ground Truth: 0 0 1 0 
Batch: 18
Input:
0.343284 0.966292 0.134021 0.66055 0.666667 0.550402 0 0.666667 0.3 0 
Prediction: 
0.208428, 0.215264, 0.263458, 0.312851, 
Ground Truth: 0 1 0 0 
Batch: 19
Input:
0.126866 0.573034 0.175258 0.706422 0.333333 0.466687 0.0714286 0 0.225 0 
Prediction: 
0.20842, 0.215302, 0.263445, 0.312832, 
Ground Truth: 0 0 0 1 
Batch: 20
Input:
0.373134 0.348315 0.0721649 0.0550459 0.666667 0.55391 0.714286 0 0.375 1 
Prediction: 
0.208403, 0.215284, 0.263419, 0.312894, 
Ground Truth: 0 1 0 0 
Batch: 21
Input:
0.19403 0.876405 0.0618557 0.669725 1 0.499912 0 0 0.05 1 
Prediction: 
0.208396, 0.215322, 0.263406, 0.312876, 
Ground Truth: 0 0 0 1 
Batch: 22
Input:
0.343284 0.382022 0.0618557 0.155963 0.666667 0.566364 0.5 0.666667 0.4 1 
Prediction: 
0.208379, 0.215304, 0.26338, 0.312938, 
Ground Truth: 0 1 0 0 
Batch: 23
Input:
0.485075 0.0561798 0.0721649 0.0458716 0.333333 0.552933 0.571429 0 0.3 0 
Prediction: 
0.208371, 0.215342, 0.263368, 0.312919, 
Ground Truth: 0 1 0 0 
Batch: 24
Input:
0.0447761 0.674157 0.309278 0.697248 1 0.500439 0.142857 0 0.175 0 
Prediction: 
0.208364, 0.21538, 0.263355, 0.312901, 
Ground Truth: 0 0 0 1 
Batch: 25
Input:
0.373134 0.629214 0.164948 0.229358 1 0.539077 0.0714286 0.333333 0.425 0.5 
Prediction: 
0.208346, 0.215362, 0.263329, 0.312963, 
Ground Truth: 1 0 0 0 
Batch: 26
Input:
0.291045 0.629214 0.360825 0.605505 1 0.523516 0 0 0.1 1 
Prediction: 
0.208383, 0.215354, 0.263317, 0.312946, 
Ground Truth: 0 0 1 0 
Batch: 27
Input:
0.134328 0.629214 0.226804 0.522936 1 0.464807 0 0 0.225 0 
Prediction: 
0.208371, 0.215342, 0.263368, 0.312919, 
Ground Truth: 0 0 0 1 
Batch: 28
Input:
0.365672 0.382022 0.0206186 0.0366972 0.666667 0.545867 0.357143 1 0.5 1 
Prediction: 
0.208354, 0.215324, 0.263341, 0.312981, 
Ground Truth: 0 1 0 0 
Batch: 29
Input:
0.492537 0.460674 0 0.0825688 0.666667 0.563933 0.571429 0.333333 0.275 1 
Prediction: 
0.208346, 0.215362, 0.263329, 0.312963, 
Ground Truth: 0 1 0 0 
Batch: 30
Input:
0.208955 0.786517 0.0618557 0.623853 1 0.49019 0 0 0.225 1 
Prediction: 
0.208339, 0.2154, 0.263316, 0.312945, 
Ground Truth: 0 0 0 1 
Batch: 31
Input:
0.38806 0.393258 0.134021 0.0917431 0.666667 0.565386 0.785714 0.333333 0.45 0 
Prediction: 
0.208322, 0.215382, 0.26329, 0.313006, 
Ground Truth: 0 1 0 0 
Accuracy: 0

Epoch: 12
Batch: 0
Input:
0.432836 0.325843 0.185567 0.0458716 0.666667 0.557744 0.642857 0.666667 0.45 0.5 
Prediction: 
0.208314, 0.21542, 0.263277, 0.312988, 
Ground Truth: 0 1 0 0 
Batch: 1
Input:
0.380597 0.539326 0.0824742 0.357798 0.333333 0.541908 0.285714 0.666667 0.275 1 
Prediction: 
0.208307, 0.215459, 0.263265, 0.31297, 
Ground Truth: 1 0 0 0 
Batch: 2
Input:
0.246269 0.224719 0.206186 0.669725 1 0.923927 0.857143 0.333333 0.1 0.5 
Prediction: 
0.208343, 0.215451, 0.263253, 0.312953, 
Ground Truth: 0 0 0 1 
Batch: 3
Input:
0.373134 0.58427 0.381443 0.880734 1 0.524243 0.142857 0 0.075 1 
Prediction: 
0.208326, 0.215433, 0.263227, 0.313014, 
Ground Truth: 0 0 1 0 
Batch: 4
Input:
0.11194 0.52809 0.309278 0.53211 1 0.477887 0.0714286 0 0.05 1 
Prediction: 
0.208314, 0.21542, 0.263277, 0.312988, 
Ground Truth: 0 0 0 1 
Batch: 5
Input:
0.395522 0.573034 0.319588 0.816514 0.333333 0.517252 0.714286 0.333333 0.25 0 
Prediction: 
0.208297, 0.215402, 0.263251, 0.31305, 
Ground Truth: 0 0 1 0 
Batch: 6
Input:
0.343284 0.404494 0.134021 0.00917431 0.666667 0.554136 0.5 0.666667 0.475 0 
Prediction: 
0.208285, 0.215389, 0.263302, 0.313024, 
Ground Truth: 0 1 0 0 
Batch: 7
Input:
0.410448 0.370787 0.278351 0.201835 1 0.523466 0.0714286 0.666667 0.325 0.5 
Prediction: 
0.208278, 0.215428, 0.263289, 0.313005, 
Ground Truth: 1 0 0 0 
Batch: 8
Input:
0.276119 0.0224719 0.0206186 0.605505 0.333333 0.145932 0.928571 0 0.15 0 
Prediction: 
0.208314, 0.21542, 0.263277, 0.312988, 
Ground Truth: 1 0 0 0 
Batch: 9
Input:
0.343284 0.449438 0.113402 0.431193 1 0.521186 0.214286 0.666667 0.3 0 
Prediction: 
0.208351, 0.215413, 0.263265, 0.312971, 
Ground Truth: 1 0 0 0 
Batch: 10
Input:
0.425373 0.617977 0.309278 0.724771 1 0.501992 0.214286 0.666667 0.1 1 
Prediction: 
0.208387, 0.215405, 0.263254, 0.312954, 
Ground Truth: 0 0 1 0 
Batch: 11
Input:
0.38806 0.606742 0.206186 0.394495 0.333333 0.518003 0.285714 0.666667 0.325 0.5 
Prediction: 
0.208375, 0.215393, 0.263304, 0.312927, 
Ground Truth: 1 0 0 0 
Batch: 12
Input:
0.365672 0.235955 0.0618557 0.100917 0.666667 0.551655 0.5 1 0.35 0.5 
Prediction: 
0.208412, 0.215385, 0.263293, 0.31291, 
Ground Truth: 0 1 0 0 
Batch: 13
Input:
0.395522 0.382022 0.0618557 0.165138 0.333333 0.537874 0.571429 0.666667 0.45 1 
Prediction: 
0.208404, 0.215424, 0.26328, 0.312892, 
Ground Truth: 0 1 0 0 
Batch: 14
Input:
0.544776 0.179775 0.154639 0.192661 0.333333 0.92543 0.928571 0.333333 1 0.5 
Prediction: 
0.208397, 0.215462, 0.263267, 0.312874, 
Ground Truth: 1 0 0 0 
Batch: 15
Input:
0.0970149 0.325843 0.268041 0.844037 0 0.961287 0.928571 0 0.725 0 
Prediction: 
0.208433, 0.215455, 0.263256, 0.312856, 
Ground Truth: 0 1 0 0 
Batch: 16
Input:
0.432836 0.483146 0.123711 0.541284 0.333333 0.543712 0 0.666667 0.25 0.5 
Prediction: 
0.208426, 0.215493, 0.263243, 0.312838, 
Ground Truth: 0 0 1 0 
Batch: 17
Input:
0.425373 0.202247 0.14433 0.0917431 0 0.460122 0.785714 0.666667 0.125 0 
Prediction: 
0.208414, 0.21548, 0.263294, 0.312812, 
Ground Truth: 0 0 0 1 
Batch: 18
Input:
0.343284 0.865169 0.340206 0.844037 0.333333 0.495126 0.214286 0 0.1 0.5 
Prediction: 
0.208397, 0.215462, 0.263267, 0.312874, 
Ground Truth: 0 0 1 0 
Batch: 19
Input:
0.38806 0.460674 0.164948 0.192661 1 0.513644 0.0714286 0.333333 0.375 1 
Prediction: 
0.208385, 0.215449, 0.263318, 0.312847, 
Ground Truth: 1 0 0 0 
Batch: 20
Input:
0.268657 0.797753 0.680412 0.669725 0.333333 0.500764 0 0 0.075 0 
Prediction: 
0.208422, 0.215442, 0.263306, 0.31283, 
Ground Truth: 0 0 1 0 
Batch: 21
Input:
0.328358 0.707865 0 0.889908 1 0.520935 0.357143 0.666667 0.025 0 
Prediction: 
0.20841, 0.215429, 0.263357, 0.312804, 
Ground Truth: 1 0 0 0 
Batch: 22
Input:
0.5 0.269663 0.103093 0.155963 0.666667 0.539753 0.428571 1 0.4 0.5 
Prediction: 
0.208446, 0.215422, 0.263345, 0.312787, 
Ground Truth: 0 1 0 0 
Batch: 23
Input:
0.179104 0.483146 0.226804 0.715596 1 0.457616 0 0 0.175 0 
Prediction: 
0.208439, 0.21546, 0.263333, 0.312768, 
Ground Truth: 0 0 0 1 
Batch: 24
Input:
0.313433 0.449438 0.113402 0.422018 0.333333 0.542083 0.0714286 0.333333 0.3 1 
Prediction: 
0.208422, 0.215442, 0.263306, 0.31283, 
Ground Truth: 1 0 0 0 
Batch: 25
Input:
0.246269 0.966292 0.0103093 0.954128 0.333333 0.52973 0.0714286 0.333333 0.05 1 
Prediction: 
0.208458, 0.215434, 0.263295, 0.312813, 
Ground Truth: 1 0 0 0 
Batch: 26
Input:
0.186567 0.449438 0.360825 0.522936 1 0.47919 0 0 0.05 1 
Prediction: 
0.208495, 0.215427, 0.263283, 0.312796, 
Ground Truth: 0 0 0 1 
Batch: 27
Input:
0.440298 0.674157 0.257732 0.46789 1 0.528928 0 0.666667 0.15 1 
Prediction: 
0.208477, 0.215409, 0.263256, 0.312857, 
Ground Truth: 0 0 1 0 
Batch: 28
Input:
0.41791 0.52809 0.206186 0.559633 1 0.493773 0.214286 0.666667 0.125 0.5 
Prediction: 
0.208466, 0.215396, 0.263307, 0.312831, 
Ground Truth: 0 0 1 0 
Batch: 29
Input:
0.380597 0.505618 0.0927835 0.110092 0.666667 0.529004 0.571429 0.333333 0.45 0 
Prediction: 
0.208454, 0.215384, 0.263358, 0.312805, 
Ground Truth: 0 1 0 0 
Batch: 30
Input:
0.328358 0.573034 0.0721649 0.321101 1 0.528227 0.214286 0.333333 0.3 0 
Prediction: 
0.208446, 0.215422, 0.263345, 0.312787, 
Ground Truth: 1 0 0 0 
Batch: 31
Input:
0.402985 0.853933 0.360825 0.495413 1 0.479491 0.0714286 0.666667 0.25 0.5 
Prediction: 
0.208483, 0.215414, 0.263333, 0.312769, 
Ground Truth: 0 0 1 0 
Accuracy: 0

Epoch: 13
Batch: 0
Input:
0.380597 0.348315 0.0927835 0.422018 1 0.25924 0.142857 0.666667 0.025 1 
Prediction: 
0.208471, 0.215402, 0.263384, 0.312743, 
Ground Truth: 0 1 0 0 
Batch: 1
Input:
0.313433 0.460674 0.14433 0.119266 1 0.549525 0.0714286 1 0.25 1 
Prediction: 
0.208464, 0.21544, 0.263371, 0.312725, 
Ground Truth: 1 0 0 0 
Batch: 2
Input:
0.41791 0.47191 0.164948 0.0733945 0.666667 0.575409 0.642857 0.666667 0.375 0.5 
Prediction: 
0.2085, 0.215433, 0.26336, 0.312708, 
Ground Truth: 0 1 0 0 
Batch: 3
Input:
0.201493 0.741573 0.278351 0.66055 0.333333 0.460097 0.928571 0 0.15 0 
Prediction: 
0.208493, 0.215471, 0.263347, 0.312689, 
Ground Truth: 0 0 0 1 
Batch: 4
Input:
0.373134 0.0449438 0.0309278 0.119266 0.666667 0.570473 0.571429 1 0.4 0 
Prediction: 
0.208475, 0.215453, 0.263321, 0.312751, 
Ground Truth: 0 1 0 0 
Batch: 5
Input:
0.186567 0.561798 0.814433 1 0.333333 0.478113 0.928571 0 0.1 0 
Prediction: 
0.208468, 0.215491, 0.263308, 0.312733, 
Ground Truth: 0 0 0 1 
Batch: 6
Input:
0.343284 0.146067 0.0618557 0.0275229 0.666667 0.554913 0.5 1 0.325 0.5 
Prediction: 
0.208451, 0.215473, 0.263282, 0.312795, 
Ground Truth: 0 1 0 0 
Batch: 7
Input:
0.529851 0.0449438 0.195876 0.743119 0.333333 0.316896 0 0.666667 0.625 0 
Prediction: 
0.208443, 0.215511, 0.263269, 0.312776, 
Ground Truth: 0 0 1 0 
Batch: 8
Input:
0.552239 0.707865 0 0.651376 0.333333 0.525571 0.214286 1 0.5 0 
Prediction: 
0.208431, 0.215499, 0.26332, 0.31275, 
Ground Truth: 1 0 0 0 
Batch: 9
Input:
0.410448 0.370787 0.0412371 0.201835 1 0.512391 0.142857 0.333333 0.4 0.5 
Prediction: 
0.208468, 0.215491, 0.263308, 0.312733, 
Ground Truth: 1 0 0 0 
Batch: 10
Input:
0.171642 0.775281 0.226804 0.889908 1 0.487985 0 0 0.1 0 
Prediction: 
0.208504, 0.215484, 0.263296, 0.312716, 
Ground Truth: 0 0 0 1 
Batch: 11
Input:
0.365672 0.359551 0.185567 0.266055 0.333333 0.520484 0.0714286 1 0.4 1 
Prediction: 
0.208487, 0.215465, 0.26327, 0.312777, 
Ground Truth: 1 0 0 0 
Batch: 12
Input:
0.5 0.460674 0 0.155963 0.666667 0.543161 0.785714 0.666667 0.45 0.5 
Prediction: 
0.208524, 0.215458, 0.263258, 0.31276, 
Ground Truth: 0 1 0 0 
Batch: 13
Input:
0.291045 0.494382 0.247423 0.412844 0.333333 0.50094 0.285714 0.333333 0.275 1 
Prediction: 
0.208516, 0.215496, 0.263246, 0.312742, 
Ground Truth: 1 0 0 0 
Batch: 14
Input:
0.395522 0.449438 0.164948 0.238532 0.333333 0.543487 0.285714 1 0.4 1 
Prediction: 
0.208553, 0.215489, 0.263234, 0.312725, 
Ground Truth: 1 0 0 0 
